,TFID,targetID
7776,AT1G01720,AT3G26210
7904,AT1G01720,AT3G04420
2800,AT1G01720,AT5G14120
5152,AT1G01720,AT4G37400
5312,AT1G01720,AT2G28630
2880,AT1G01720,AT2G46450
6912,AT1G01720,AT4G32810
7456,AT1G01720,AT3G16150
5360,AT1G01720,AT2G47130
2944,AT1G01720,AT5G38710
4176,AT1G01720,AT1G05300
5376,AT1G01720,AT3G47200
6976,AT1G01720,AT5G43590
5440,AT1G01720,AT2G42350
1856,AT1G01720,AT4G38860
2960,AT1G01720,AT3G63380
5488,AT1G01720,AT3G45060
8432,AT1G01720,AT1G49030
7840,AT1G01720,AT3G61930
2384,AT1G01720,AT2G03090
8928,AT1G01720,AT5G55050
4000,AT1G01720,AT5G59090
5520,AT1G01720,AT5G59520
6800,AT1G01720,AT1G14960
1680,AT1G01720,AT3G23430
784,AT1G01720,AT1G08930
5056,AT1G01720,AT3G23635
2736,AT1G01720,AT1G66970
8608,AT1G01720,AT3G50740
2464,AT1G01720,AT3G21260
4720,AT1G01720,AT1G02220
4816,AT1G01720,AT3G62150
4688,AT1G01720,AT1G58602
7984,AT1G01720,AT4G11460
2496,AT1G01720,AT5G18310
8656,AT1G01720,AT3G45650
4624,AT1G01720,AT1G13300
4608,AT1G01720,AT3G46500
4880,AT1G01720,AT1G10340
7056,AT1G01720,AT5G05250
592,AT1G01720,AT5G56530
400,AT1G01720,AT4G15230
2256,AT1G01720,AT4G15233
9392,AT1G01720,AT2G32660
4512,AT1G01720,AT5G03700
2240,AT1G01720,AT4G34950
2624,AT1G01720,AT1G76520
2640,AT1G01720,AT3G08040
8016,AT1G01720,AT1G07620
7344,AT1G01720,AT5G53110
2656,AT1G01720,AT5G05600
9520,AT1G01720,AT1G33840
4368,AT1G01720,AT4G02520
4352,AT1G01720,AT4G04570
8400,AT1G01720,AT3G46280
5584,AT1G01720,AT3G01290
4016,AT1G01720,AT3G46130
3968,AT1G01720,AT5G46780
6240,AT1G01720,AT2G28160
3584,AT1G01720,AT1G23720
944,AT1G01720,AT5G46580
5920,AT1G01720,AT4G01430
128,AT1G01720,AT5G54510
3776,AT1G01720,AT5G56870
9856,AT1G01720,AT3G24300
5632,AT1G01720,AT2G34000
8336,AT1G01720,AT5G40780
9792,AT1G01720,AT1G52200
96,AT1G01720,AT3G15850
7680,AT1G01720,AT2G32270
3616,AT1G01720,AT3G62270
1232,AT1G01720,AT4G23270
6128,AT1G01720,AT1G29020
976,AT1G01720,AT4G02930
9200,AT1G01720,AT3G05155
6144,AT1G01720,AT3G46810
3680,AT1G01720,AT3G20640
9840,AT1G01720,AT5G63600
1136,AT1G01720,AT3G23880
8208,AT1G01720,AT5G54040
9008,AT1G01720,AT3G22800
3840,AT1G01720,AT1G03850
9280,AT1G01720,AT4G15270
1616,AT1G01720,AT5G20160
3536,AT1G01720,AT2G43610
3920,AT1G01720,AT3G47210
5696,AT1G01720,AT1G71015
3152,AT1G01720,AT1G30080
5728,AT1G01720,AT1G49570
9104,AT1G01720,AT1G26250
5776,AT1G01720,AT3G02885
3216,AT1G01720,AT1G18390
1520,AT1G01720,AT5G61600
3184,AT1G01720,AT3G53190
176,AT1G01720,AT3G14840
928,AT1G01720,AT2G19800
144,AT1G01720,AT1G29025
1456,AT1G01720,AT3G10520
1120,AT1G01720,AT1G13110
8176,AT1G01720,AT5G04730
2369,AT1G43160,AT2G14060
9857,AT1G43160,AT3G24300
2321,AT1G43160,AT5G26860
4817,AT1G43160,AT3G62150
1009,AT1G43160,AT2G41100
7121,AT1G43160,AT5G52830
8225,AT1G43160,AT5G06330
1105,AT1G43160,AT5G47910
577,AT1G43160,AT5G67510
7009,AT1G43160,AT4G21410
609,AT1G43160,AT2G34510
6721,AT1G43160,AT5G07460
6673,AT1G43160,AT2G18210
1553,AT1G43160,AT2G18900
5441,AT1G43160,AT2G42350
1473,AT1G43160,AT3G21300
8369,AT1G43160,AT5G45380
753,AT1G43160,AT1G02640
1953,AT1G43160,AT4G19380
2001,AT1G43160,AT1G63660
6625,AT1G43160,AT5G39000
2049,AT1G43160,AT1G19380
1345,AT1G43160,AT1G63810
5025,AT1G43160,AT5G19110
9905,AT1G43160,AT2G28780
1233,AT1G43160,AT4G23270
641,AT1G43160,AT3G23940
4961,AT1G43160,AT5G16190
4913,AT1G43160,AT4G32650
1089,AT1G43160,AT1G06720
2385,AT1G43160,AT2G03090
113,AT1G43160,AT1G70530
369,AT1G43160,AT5G62280
3649,AT1G43160,AT5G62680
4449,AT1G43160,AT4G18205
10145,AT1G43160,AT1G29090
8849,AT1G43160,AT5G39020
9361,AT1G43160,AT2G43140
3265,AT1G43160,AT1G29730
3841,AT1G43160,AT1G03850
9265,AT1G43160,AT5G19040
177,AT1G43160,AT3G14840
273,AT1G43160,AT1G28380
7617,AT1G43160,AT2G35270
3009,AT1G43160,AT4G20820
2401,AT1G43160,AT4G26600
3985,AT1G43160,AT1G30730
7713,AT1G43160,AT2G46750
3409,AT1G43160,AT4G39260
3105,AT1G43160,AT1G60390
3601,AT1G43160,AT1G71880
4673,AT1G43160,AT1G48570
4705,AT1G43160,AT4G11650
10049,AT1G43160,AT1G30760
417,AT1G43160,AT3G14390
2417,AT1G43160,AT4G29700
2577,AT1G43160,AT1G36060
3938,AT1G51140,AT1G76990
9074,AT1G51140,AT4G25110
3506,AT1G51140,AT1G14870
3842,AT1G51140,AT1G03850
3202,AT1G51140,AT1G78000
1490,AT1G51140,AT1G69530
1666,AT1G51140,AT5G59080
1506,AT1G51140,AT1G05470
6338,AT1G51140,AT1G35330
1538,AT1G51140,AT3G19930
3890,AT1G51140,AT3G04570
3170,AT1G51140,AT4G21680
5730,AT1G51140,AT1G49570
5906,AT1G51140,AT5G24230
8946,AT1G51140,AT3G51350
3970,AT1G51140,AT5G46780
8386,AT1G51140,AT1G21100
5634,AT1G51140,AT2G34000
3922,AT1G51140,AT3G47210
3122,AT1G51140,AT2G31110
1106,AT1G51140,AT5G47910
9106,AT1G51140,AT1G26250
3250,AT1G51140,AT5G16170
1122,AT1G51140,AT1G13110
1170,AT1G51140,AT4G17800
6258,AT1G51140,AT2G02690
3394,AT1G51140,AT1G78120
3634,AT1G51140,AT4G37390
1202,AT1G51140,AT1G32540
3586,AT1G51140,AT1G23720
6178,AT1G51140,AT5G50300
6290,AT1G51140,AT4G21400
8274,AT1G51140,AT5G60950
6146,AT1G51140,AT3G46810
6306,AT1G51140,AT2G17060
3794,AT1G51140,AT5G20550
3682,AT1G51140,AT3G20640
3714,AT1G51140,AT4G33050
3762,AT1G51140,AT4G21870
6082,AT1G51140,AT4G18340
5586,AT1G51140,AT3G01290
3282,AT1G51140,AT5G62630
3778,AT1G51140,AT5G56870
3458,AT1G51140,AT2G34260
6002,AT1G51140,AT5G14070
5986,AT1G51140,AT2G27420
3266,AT1G51140,AT1G29730
5938,AT1G51140,AT4G22230
3346,AT1G51140,AT4G00950
9490,AT1G51140,AT2G38310
8930,AT1G51140,AT5G55050
8402,AT1G51140,AT3G46280
4322,AT1G51140,AT2G16660
8594,AT1G51140,AT5G48010
4338,AT1G51140,AT5G63180
2706,AT1G51140,AT5G39760
4418,AT1G51140,AT2G39200
2162,AT1G51140,AT2G24120
4962,AT1G51140,AT5G16190
4450,AT1G51140,AT4G18205
4946,AT1G51140,AT2G01818
2610,AT1G51140,AT3G27030
4514,AT1G51140,AT5G03700
9410,AT1G51140,AT1G66930
2258,AT1G51140,AT4G15233
4930,AT1G51140,AT4G25630
2578,AT1G51140,AT1G36060
8642,AT1G51140,AT5G28630
4898,AT1G51140,AT3G45410
2562,AT1G51140,AT2G17820
9426,AT1G51140,AT2G22122
8738,AT1G51140,AT3G46330
4642,AT1G51140,AT1G72360
4818,AT1G51140,AT3G62150
8706,AT1G51140,AT2G28960
2370,AT1G51140,AT2G14060
2482,AT1G51140,AT5G59780
4802,AT1G51140,AT5G05430
4786,AT1G51140,AT4G18290
5042,AT1G51140,AT5G62360
2738,AT1G51140,AT1G66970
2066,AT1G51140,AT1G72300
8578,AT1G51140,AT3G25510
9714,AT1G51140,AT2G42060
9298,AT1G51140,AT5G59680
1762,AT1G51140,AT5G20250
1794,AT1G51140,AT4G29720
5490,AT1G51140,AT3G45060
2994,AT1G51140,AT5G18170
3522,AT1G51140,AT1G21050
5442,AT1G51140,AT2G42350
2962,AT1G51140,AT3G63380
8914,AT1G51140,AT1G60110
9330,AT1G51140,AT4G01750
8466,AT1G51140,AT3G50010
4162,AT1G51140,AT5G03890
3106,AT1G51140,AT1G60390
1906,AT1G51140,AT1G65985
4226,AT1G51140,AT1G79760
1922,AT1G51140,AT5G61590
8514,AT1G51140,AT1G65390
8882,AT1G51140,AT5G55930
2898,AT1G51140,AT5G28770
1938,AT1G51140,AT1G14210
5330,AT1G51140,AT3G49620
2882,AT1G51140,AT2G46450
4274,AT1G51140,AT1G55020
9634,AT1G51140,AT5G44585
9362,AT1G51140,AT2G43140
2786,AT1G51140,AT5G43910
5138,AT1G51140,AT2G21045
5362,AT1G51140,AT2G47130
6434,AT1G51140,AT5G14340
5474,AT1G51140,AT5G55170
258,AT1G51140,AT2G34020
10146,AT1G51140,AT1G29090
7906,AT1G51140,AT3G04420
9938,AT1G51140,AT2G40330
6914,AT1G51140,AT4G32810
7618,AT1G51140,AT2G35270
7250,AT1G51140,AT2G02020
754,AT1G51140,AT1G02640
114,AT1G51140,AT1G70530
10082,AT1G51140,AT3G13760
9874,AT1G51140,AT3G27950
8066,AT1G51140,AT1G05570
6610,AT1G51140,AT1G27740
770,AT1G51140,AT5G02760
338,AT1G51140,AT5G46330
7826,AT1G51140,AT1G50050
7938,AT1G51140,AT5G20470
370,AT1G51140,AT5G62280
962,AT1G51140,AT2G23600
6850,AT1G51140,AT5G04960
354,AT1G51140,AT1G16390
9906,AT1G51140,AT2G28780
786,AT1G51140,AT1G08930
7666,AT1G51140,AT1G73330
7442,AT1G51140,AT3G23800
7986,AT1G51140,AT4G11460
7154,AT1G51140,AT5G05440
8130,AT1G51140,AT5G48430
626,AT1G51140,AT1G63880
7794,AT1G51140,AT2G44370
610,AT1G51140,AT2G34510
7010,AT1G51140,AT4G21410
7042,AT1G51140,AT5G67450
578,AT1G51140,AT5G67510
7506,AT1G51140,AT2G41990
8146,AT1G51140,AT2G36120
914,AT1G51140,AT1G68840
7586,AT1G51140,AT2G01900
6722,AT1G51140,AT5G07460
226,AT1G51140,AT1G48920
7362,AT1G51140,AT5G65970
706,AT1G51140,AT4G23570
4307,AT2G18550,AT2G29995
339,AT2G18550,AT5G46330
4275,AT2G18550,AT1G55020
323,AT2G18550,AT3G44990
7379,AT2G18550,AT1G78460
4147,AT2G18550,AT5G17820
4339,AT2G18550,AT5G63180
10003,AT2G18550,AT2G41850
6835,AT2G18550,AT5G46050
5475,AT2G18550,AT5G55170
291,AT2G18550,AT3G49260
2707,AT2G18550,AT5G39760
8115,AT2G18550,AT4G05200
5459,AT2G18550,AT1G14185
7443,AT2G18550,AT3G23800
2883,AT2G18550,AT2G46450
8451,AT2G18550,AT3G09940
7491,AT2G18550,AT3G21351
9379,AT2G18550,AT2G23620
915,AT2G18550,AT1G68840
4179,AT2G18550,AT1G05300
5603,AT2G18550,AT3G13730
7923,AT2G18550,AT3G20940
7411,AT2G18550,AT1G05575
6803,AT2G18550,AT1G14960
5523,AT2G18550,AT5G59520
2739,AT2G18550,AT1G66970
8419,AT2G18550,AT3G53480
9699,AT2G18550,AT3G03670
2915,AT2G18550,AT1G59870
8403,AT2G18550,AT3G46280
8899,AT2G18550,AT4G12470
9715,AT2G18550,AT2G42060
8867,AT2G18550,AT2G46740
5635,AT2G18550,AT2G34000
8099,AT2G18550,AT3G09220
1795,AT2G18550,AT4G29720
9347,AT2G18550,AT4G33120
2851,AT2G18550,AT1G77690
6723,AT2G18550,AT5G07460
1603,AT2G18550,AT3G14940
787,AT2G18550,AT1G08930
5203,AT2G18550,AT1G29280
5187,AT2G18550,AT1G78860
8003,AT2G18550,AT2G28970
4723,AT2G18550,AT1G02220
2035,AT2G18550,AT4G17460
2467,AT2G18550,AT3G21260
4755,AT2G18550,AT4G36670
2419,AT2G18550,AT4G29700
2387,AT2G18550,AT2G03090
10019,AT2G18550,AT1G45015
7155,AT2G18550,AT5G05440
2483,AT2G18550,AT5G59780
6435,AT2G18550,AT5G14340
9587,AT2G18550,AT1G22500
2371,AT2G18550,AT2G14060
2131,AT2G18550,AT3G49780
2355,AT2G18550,AT3G51330
4835,AT2G18550,AT5G11920
8659,AT2G18550,AT3G45650
675,AT2G18550,AT5G24030
7123,AT2G18550,AT5G52830
4995,AT2G18550,AT4G31910
10035,AT2G18550,AT3G13610
643,AT2G18550,AT3G23940
6995,AT2G18550,AT2G46430
4387,AT2G18550,AT1G70850
483,AT2G18550,AT4G21850
4691,AT2G18550,AT1G58602
1859,AT2G18550,AT4G38860
6851,AT2G18550,AT5G04960
6867,AT2G18550,AT5G14200
1891,AT2G18550,AT5G11670
4419,AT2G18550,AT2G39200
7347,AT2G18550,AT5G53110
275,AT2G18550,AT1G28380
8499,AT2G18550,AT1G70880
9667,AT2G18550,AT3G02850
8787,AT2G18550,AT4G18510
2579,AT2G18550,AT1G36060
10051,AT2G18550,AT1G30760
1923,AT2G18550,AT5G61590
9427,AT2G18550,AT2G22122
1939,AT2G18550,AT1G14210
8739,AT2G18550,AT3G46330
2515,AT2G18550,AT1G66270
4627,AT2G18550,AT1G13300
5315,AT2G18550,AT2G28630
451,AT2G18550,AT5G60670
1971,AT2G18550,AT1G70890
2499,AT2G18550,AT5G18310
1987,AT2G18550,AT5G56320
5219,AT2G18550,AT2G37460
7251,AT2G18550,AT2G02020
4451,AT2G18550,AT4G18205
4947,AT2G18550,AT2G01818
8915,AT2G18550,AT1G60110
7555,AT2G18550,AT5G35940
3811,AT2G18550,AT1G72200
1139,AT2G18550,AT3G23880
1011,AT2G18550,AT2G41100
3219,AT2G18550,AT1G18390
6067,AT2G18550,AT3G46270
1299,AT2G18550,AT5G43580
7827,AT2G18550,AT1G50050
7635,AT2G18550,AT4G00910
147,AT2G18550,AT1G29025
6019,AT2G18550,AT1G66200
8339,AT2G18550,AT5G40780
3619,AT2G18550,AT3G62270
9267,AT2G18550,AT5G19040
9827,AT2G18550,AT5G64100
6611,AT2G18550,AT1G27740
5987,AT2G18550,AT2G27420
3859,AT2G18550,AT2G19110
9203,AT2G18550,AT3G05155
8355,AT2G18550,AT2G28850
10195,AT2G18550,AT1G49860
8323,AT2G18550,AT1G09090
963,AT2G18550,AT2G23600
6083,AT2G18550,AT4G18340
9011,AT2G18550,AT3G22800
6227,AT2G18550,AT1G12010
9027,AT2G18550,AT4G21903
6243,AT2G18550,AT2G28160
6595,AT2G18550,AT4G22212
1203,AT2G18550,AT1G32540
7683,AT2G18550,AT2G32270
7699,AT2G18550,AT4G15390
9219,AT2G18550,AT5G23840
8259,AT2G18550,AT3G26610
3635,AT2G18550,AT4G37390
179,AT2G18550,AT3G14840
3715,AT2G18550,AT4G33050
9843,AT2G18550,AT5G63600
9043,AT2G18550,AT5G19890
1219,AT2G18550,AT3G14310
1171,AT2G18550,AT4G17800
3283,AT2G18550,AT5G62630
6163,AT2G18550,AT1G55450
979,AT2G18550,AT4G02930
3779,AT2G18550,AT5G56870
3395,AT2G18550,AT1G78120
131,AT2G18550,AT5G54510
3731,AT2G18550,AT1G28290
1379,AT2G18550,AT1G11670
8243,AT2G18550,AT5G09978
5955,AT2G18550,AT1G51800
3091,AT2G18550,AT4G10380
7587,AT2G18550,AT2G01900
5843,AT2G18550,AT1G73280
10131,AT2G18550,AT3G14260
3587,AT2G18550,AT1G23720
6339,AT2G18550,AT1G35330
9155,AT2G18550,AT4G13300
6643,AT2G18550,AT1G47603
3443,AT2G18550,AT4G21745
9779,AT2G18550,AT1G44050
9859,AT2G18550,AT3G24300
7571,AT2G18550,AT4G21490
4035,AT2G18550,AT2G40095
3011,AT2G18550,AT4G20820
1107,AT2G18550,AT5G47910
1075,AT2G18550,AT3G21770
19,AT2G18550,AT5G52882
5779,AT2G18550,AT3G02885
7795,AT2G18550,AT2G44370
2995,AT2G18550,AT5G18170
5747,AT2G18550,AT2G27660
3507,AT2G18550,AT1G14870
1539,AT2G18550,AT3G19930
1491,AT2G18550,AT1G69530
5859,AT2G18550,AT2G42660
6515,AT2G18550,AT1G65845
8963,AT2G18550,AT1G19250
7715,AT2G18550,AT2G46750
7619,AT2G18550,AT2G35270
195,AT2G18550,AT3G49670
9795,AT2G18550,AT1G52200
3939,AT2G18550,AT1G76990
947,AT2G18550,AT5G46580
9059,AT2G18550,AT1G73300
6627,AT2G18550,AT5G39000
1123,AT2G18550,AT1G13110
3123,AT2G18550,AT2G31110
3683,AT2G18550,AT3G20640
211,AT2G18550,AT2G47160
931,AT2G18550,AT2G19800
8931,AT2G18550,AT5G55050
8371,AT2G18550,AT5G45380
1459,AT2G18550,AT3G10520
2388,AT2G46680,AT2G03090
3508,AT2G46680,AT1G14870
2420,AT2G46680,AT4G29700
3412,AT2G46680,AT4G39260
484,AT2G46680,AT4G21850
3620,AT2G46680,AT3G62270
7172,AT2G46680,AT5G49770
7156,AT2G46680,AT5G05440
20,AT2G46680,AT5G52882
2372,AT2G46680,AT2G14060
7700,AT2G46680,AT4G15390
2356,AT2G46680,AT3G51330
3588,AT2G46680,AT1G23720
8004,AT2G46680,AT2G28970
4724,AT2G46680,AT1G02220
3636,AT2G46680,AT4G37390
52,AT2G46680,AT4G24780
2644,AT2G46680,AT3G08040
2500,AT2G46680,AT5G18310
3124,AT2G46680,AT2G31110
4308,AT2G46680,AT2G29995
3972,AT2G46680,AT5G46780
2820,AT2G46680,AT1G56110
2852,AT2G46680,AT1G77690
8868,AT2G46680,AT2G46740
3092,AT2G46680,AT4G10380
7444,AT2G46680,AT3G23800
2740,AT2G46680,AT1G66970
4260,AT2G46680,AT5G38100
4004,AT2G46680,AT5G59090
8900,AT2G46680,AT4G12470
8916,AT2G46680,AT1G60110
2228,AT2G46680,AT4G31120
4180,AT2G46680,AT1G05300
7492,AT2G46680,AT3G21351
7508,AT2G46680,AT2G41990
4148,AT2G46680,AT5G17820
3044,AT2G46680,AT4G08850
3700,AT2G46680,AT1G15510
180,AT2G46680,AT3G14840
3188,AT2G46680,AT3G53190
4660,AT2G46680,AT2G34490
452,AT2G46680,AT5G60670
9220,AT2G46680,AT5G23840
10052,AT2G46680,AT1G30760
3732,AT2G46680,AT1G28290
3284,AT2G46680,AT5G62630
9012,AT2G46680,AT3G22800
4564,AT2G46680,AT2G27000
8964,AT2G46680,AT1G19250
7940,AT2G46680,AT5G20470
10068,AT2G46680,AT1G05700
3812,AT2G46680,AT1G72200
2676,AT2G46680,AT2G26370
3204,AT2G46680,AT1G78000
148,AT2G46680,AT1G29025
4356,AT2G46680,AT4G04570
9268,AT2G46680,AT5G19040
2708,AT2G46680,AT5G39760
372,AT2G46680,AT5G62280
6436,AT2G46680,AT5G14340
3524,AT2G46680,AT1G21050
7028,AT2G46680,AT1G16160
9844,AT2G46680,AT5G63600
5092,AT2G46680,AT1G70690
6164,AT2G46680,AT1G55450
2036,AT2G46680,AT4G17460
5204,AT2G46680,AT1G29280
6932,AT2G46680,AT1G51850
6084,AT2G46680,AT4G18340
6068,AT2G46680,AT3G46270
5236,AT2G46680,AT3G16410
1348,AT2G46680,AT1G63810
9828,AT2G46680,AT5G64100
5972,AT2G46680,AT5G23990
8356,AT2G46680,AT2G28850
9796,AT2G46680,AT1G52200
8500,AT2G46680,AT1G70880
772,AT2G46680,AT5G02760
1460,AT2G46680,AT3G10520
1636,AT2G46680,AT1G59990
1604,AT2G46680,AT3G14940
8388,AT2G46680,AT1G21100
1668,AT2G46680,AT5G59080
6724,AT2G46680,AT5G07460
8116,AT2G46680,AT4G05200
9588,AT2G46680,AT1G22500
9716,AT2G46680,AT2G42060
8372,AT2G46680,AT5G45380
6804,AT2G46680,AT1G14960
9780,AT2G46680,AT1G44050
1492,AT2G46680,AT1G69530
8148,AT2G46680,AT2G36120
1892,AT2G46680,AT5G11670
1556,AT2G46680,AT2G18900
2068,AT2G46680,AT1G72300
4948,AT2G46680,AT2G01818
6340,AT2G46680,AT1G35330
4964,AT2G46680,AT5G16190
8244,AT2G46680,AT5G09978
6996,AT2G46680,AT2G46430
9860,AT2G46680,AT3G24300
2132,AT2G46680,AT3G49780
1076,AT2G46680,AT3G21770
1124,AT2G46680,AT1G13110
2325,AT3G02940,AT5G26860
1797,AT3G02940,AT4G29720
2741,AT3G02940,AT1G66970
5957,AT3G02940,AT1G51800
4613,AT3G02940,AT3G46500
8965,AT3G02940,AT1G19250
5557,AT3G02940,AT1G24320
1365,AT3G02940,AT1G35580
6533,AT3G02940,AT4G19370
1861,AT3G02940,AT4G38860
4661,AT3G02940,AT2G34490
3845,AT3G02940,AT1G03850
6405,AT3G02940,AT3G45710
3029,AT3G02940,AT1G77380
2997,AT3G02940,AT5G18170
2581,AT3G02940,AT1G36060
3973,AT3G02940,AT5G46780
7717,AT3G02940,AT2G46750
1893,AT3G02940,AT5G11670
10133,AT3G02940,AT3G14260
5845,AT3G02940,AT1G73280
7925,AT3G02940,AT3G20940
5381,AT3G02940,AT3G47200
3989,AT3G02940,AT1G30730
6629,AT3G02940,AT5G39000
9669,AT3G02940,AT3G02850
9941,AT3G02940,AT2G40330
2597,AT3G02940,AT1G12020
7269,AT3G02940,AT4G32950
4517,AT3G02940,AT5G03700
1525,AT3G02940,AT5G61600
6885,AT3G02940,AT5G15130
7829,AT3G02940,AT1G50050
7589,AT3G02940,AT2G01900
2501,AT3G02940,AT5G18310
1173,AT3G02940,AT4G17800
6197,AT3G02940,AT4G15340
1205,AT3G02940,AT1G32540
1589,AT3G02940,AT3G49940
9029,AT3G02940,AT4G21903
10085,AT3G02940,AT3G13760
8869,AT3G02940,AT2G46740
6789,AT3G02940,AT5G36870
3397,AT3G02940,AT1G78120
5701,AT3G02940,AT1G71015
3525,AT3G02940,AT1G21050
9717,AT3G02940,AT2G42060
2421,AT3G02940,AT4G29700
8021,AT3G02940,AT1G07620
693,AT3G02940,AT3G22970
3317,AT3G02940,AT5G10170
10037,AT3G02940,AT3G13610
9365,AT3G02940,AT2G43140
3621,AT3G02940,AT3G62270
869,AT3G02940,AT4G11850
677,AT3G02940,AT5G24030
325,AT3G02940,AT3G44990
7509,AT3G02940,AT2G41990
2853,AT3G02940,AT1G77690
1701,AT3G02940,AT2G22860
8405,AT3G02940,AT3G46280
8709,AT3G02940,AT2G28960
3094,AT3G21890,AT4G10380
9126,AT3G21890,AT1G43780
5670,AT3G21890,AT1G51890
4182,AT3G21890,AT1G05300
5894,AT3G21890,AT5G48000
886,AT3G21890,AT1G09460
5686,AT3G21890,AT1G80830
3030,AT3G21890,AT1G77380
22,AT3G21890,AT5G52882
9318,AT3G21890,AT1G67110
1078,AT3G21890,AT3G21770
9750,AT3G21890,AT4G08770
4006,AT3G21890,AT5G59090
8230,AT3G21890,AT5G06330
1526,AT3G21890,AT5G61600
3462,AT3G21890,AT2G34260
6646,AT3G21890,AT1G47603
1542,AT3G21890,AT3G19930
4086,AT3G21890,AT1G49470
6662,AT3G21890,AT1G51790
10118,AT3G21890,AT3G20380
1510,AT3G21890,AT1G05470
3382,AT3G21890,AT3G27400
3126,AT3G21890,AT2G31110
8934,AT3G21890,AT5G55050
6070,AT3G21890,AT3G46270
7654,AT3G21890,AT1G47840
6086,AT3G21890,AT4G18340
3782,AT3G21890,AT5G56870
9238,AT3G21890,AT5G49850
3622,AT3G21890,AT3G62270
134,AT3G21890,AT5G54510
966,AT3G21890,AT2G23600
7670,AT3G21890,AT1G73330
982,AT3G21890,AT4G02930
3398,AT3G21890,AT1G78120
6022,AT3G21890,AT1G66200
1222,AT3G21890,AT3G14310
6182,AT3G21890,AT5G50300
1206,AT3G21890,AT1G32540
8182,AT3G21890,AT5G04730
1190,AT3G21890,AT2G31060
7686,AT3G21890,AT2G32270
3350,AT3G21890,AT4G00950
3686,AT3G21890,AT3G20640
1174,AT3G21890,AT4G17800
6566,AT3G21890,AT1G19050
6246,AT3G21890,AT2G28160
9190,AT3G21890,AT4G39675
6598,AT3G21890,AT4G22212
6358,AT3G21890,AT2G37130
6550,AT3G21890,AT1G76930
3206,AT3G21890,AT1G78000
3974,AT3G21890,AT5G46780
214,AT3G21890,AT2G47160
3110,AT3G21890,AT1G60390
7590,AT3G21890,AT2G01900
9286,AT3G21890,AT4G15270
198,AT3G21890,AT3G49670
5910,AT3G21890,AT5G24230
998,AT3G21890,AT1G14410
3942,AT3G21890,AT1G76990
1446,AT3G21890,AT4G11320
1414,AT3G21890,AT5G61130
9830,AT3G21890,AT5G64100
3926,AT3G21890,AT3G47210
6454,AT3G21890,AT2G48080
3158,AT3G21890,AT1G30080
5926,AT3G21890,AT4G01430
3910,AT3G21890,AT1G77990
182,AT3G21890,AT3G14840
3174,AT3G21890,AT4G21680
2918,AT3G21890,AT1G59870
1126,AT3G21890,AT1G13110
3862,AT3G21890,AT2G19110
6614,AT3G21890,AT1G27740
1030,AT3G21890,AT3G13110
10134,AT3G21890,AT3G14260
950,AT3G21890,AT5G46580
5606,AT3G21890,AT3G13730
8070,AT3G21890,AT1G05570
8534,AT3G21890,AT5G47980
1990,AT3G21890,AT5G56320
2502,AT3G21890,AT5G18310
454,AT3G21890,AT5G60670
4214,AT3G21890,AT3G13790
4646,AT3G21890,AT1G72360
1958,AT3G21890,AT4G19380
9638,AT3G21890,AT5G44585
742,AT3G21890,AT2G36400
5334,AT3G21890,AT3G49620
5206,AT3G21890,AT1G29280
2550,AT3G21890,AT1G53430
4598,AT3G21890,AT3G23190
7254,AT3G21890,AT2G02020
2582,AT3G21890,AT1G36060
8774,AT3G21890,AT2G24980
774,AT3G21890,AT5G02760
7286,AT3G21890,AT3G14225
7958,AT3G21890,AT1G11580
4502,AT3G21890,AT5G26280
5382,AT3G21890,AT3G47200
2646,AT3G21890,AT3G08040
2566,AT3G21890,AT2G17820
1894,AT3G21890,AT5G11670
2486,AT3G21890,AT5G59780
2038,AT3G21890,AT4G17460
4934,AT3G21890,AT4G25630
9542,AT3G21890,AT1G02360
8630,AT3G21890,AT4G31330
598,AT3G21890,AT5G56530
10038,AT3G21890,AT3G13610
8646,AT3G21890,AT5G28630
5014,AT3G21890,AT5G23100
9510,AT3G21890,AT1G27020
2134,AT3G21890,AT3G49780
2358,AT3G21890,AT3G51330
9462,AT3G21890,AT5G23830
7126,AT3G21890,AT5G52830
5046,AT3G21890,AT5G62360
2374,AT3G21890,AT2G14060
5062,AT3G21890,AT3G23635
9494,AT3G21890,AT2G38310
2070,AT3G21890,AT1G72300
2390,AT3G21890,AT2G03090
518,AT3G21890,AT2G40360
9590,AT3G21890,AT1G22500
8694,AT3G21890,AT2G32460
4758,AT3G21890,AT4G36670
678,AT3G21890,AT5G24030
4422,AT3G21890,AT2G39200
550,AT3G21890,AT3G15510
1814,AT3G21890,AT1G58370
2790,AT3G21890,AT5G43910
2710,AT3G21890,AT5G39760
1798,AT3G21890,AT4G29720
5590,AT3G21890,AT3G01290
4230,AT3G21890,AT1G79760
9974,AT3G21890,AT5G43350
4310,AT3G21890,AT2G29995
5446,AT3G21890,AT2G42350
7366,AT3G21890,AT5G65970
9686,AT3G21890,AT1G54000
5558,AT3G21890,AT1G24320
2902,AT3G21890,AT5G28770
1846,AT3G21890,AT3G53460
9366,AT3G21890,AT2G43140
2694,AT3G21890,AT1G47670
4342,AT3G21890,AT5G63180
5494,AT3G21890,AT3G45060
9382,AT3G21890,AT2G23620
8102,AT3G21890,AT3G09220
790,AT3G21890,AT1G08930
2854,AT3G21890,AT1G77690
8470,AT3G21890,AT3G50010
1766,AT3G21890,AT5G20250
1670,AT3G21890,AT5G59080
7671,AT3G22830,AT1G73330
2135,AT3G22830,AT3G49780
3607,AT3G22830,AT1G71880
135,AT3G22830,AT5G54510
5207,AT3G22830,AT1G29280
2327,AT3G22830,AT5G26860
6535,AT3G22830,AT4G19370
711,AT3G22830,AT4G23570
4823,AT3G22830,AT3G62150
983,AT3G22830,AT4G02930
7207,AT3G22830,AT1G11540
7351,AT3G22830,AT5G53110
3623,AT3G22830,AT3G62270
7239,AT3G22830,AT5G06570
7175,AT3G22830,AT5G49770
919,AT3G22830,AT1G68840
519,AT3G22830,AT2G40360
4791,AT3G22830,AT4G18290
71,AT3G22830,AT1G33590
1559,AT3G22830,AT2G18900
4087,AT3G22830,AT1G49470
1271,AT3G22830,AT4G25730
4679,AT3G22830,AT1G48570
4887,AT3G22830,AT1G10340
8807,AT3G22830,AT2G36690
2247,AT3G22830,AT4G34950
3527,AT3G22830,AT1G21050
8935,AT3G22830,AT5G55050
7591,AT3G22830,AT2G01900
775,AT3G22830,AT5G02760
4935,AT3G22830,AT4G25630
4567,AT3G22830,AT2G27000
2567,AT3G22830,AT2G17820
1655,AT3G22830,AT5G15550
4871,AT3G22830,AT1G02920
439,AT3G22830,AT3G13470
5495,AT3G22830,AT3G45060
3463,AT3G22830,AT2G34260
1687,AT3G22830,AT3G23430
9319,AT3G22830,AT1G67110
5047,AT3G22830,AT5G62360
1319,AT3G22830,AT1G77030
2903,AT3G22830,AT5G28770
823,AT3G22830,AT2G39420
727,AT3G22830,AT4G34290
5592,AT4G16750,AT3G01290
7064,AT4G16750,AT5G05250
8216,AT4G16750,AT5G54040
8664,AT4G16750,AT3G45650
8392,AT4G16750,AT1G21100
5032,AT4G16750,AT5G19110
7800,AT4G16750,AT2G44370
7128,AT4G16750,AT5G52830
6280,AT4G16750,AT4G07820
3528,AT4G16750,AT1G21050
7048,AT4G16750,AT5G67450
7752,AT4G16750,AT2G31020
3608,AT4G16750,AT1G71880
7720,AT4G16750,AT2G46750
8616,AT4G16750,AT3G50740
8232,AT4G16750,AT5G06330
4184,AT4G16750,AT1G05300
8904,AT4G16750,AT4G12470
3560,AT4G16750,AT1G12160
8152,AT4G16750,AT2G36120
3640,AT4G16750,AT4G37390
5528,AT4G16750,AT5G59520
3848,AT4G16750,AT1G03850
6008,AT4G16750,AT5G14070
7624,AT4G16750,AT2G35270
5256,AT4G16750,AT5G14580
6920,AT4G16750,AT4G32810
4328,AT4G16750,AT2G16660
5928,AT4G16750,AT4G01430
5224,AT4G16750,AT2G37460
7976,AT4G16750,AT1G32450
4344,AT4G16750,AT5G63180
3912,AT4G16750,AT1G77990
7832,AT4G16750,AT1G50050
5480,AT4G16750,AT5G55170
3992,AT4G16750,AT1G30730
5368,AT4G16750,AT2G47130
3960,AT4G16750,AT5G05990
5384,AT4G16750,AT3G47200
5336,AT4G16750,AT3G49620
4296,AT4G16750,AT5G38340
4680,AT4G16750,AT1G48570
4056,AT4G16750,AT3G15720
6248,AT4G16750,AT2G28160
9032,AT4G16750,AT4G21903
7688,AT4G16750,AT2G32270
4104,AT4G16750,AT5G43520
7160,AT4G16750,AT5G05440
5080,AT4G16750,AT4G13860
5752,AT4G16750,AT2G27660
4760,AT4G16750,AT4G36670
3800,AT4G16750,AT5G20550
6184,AT4G16750,AT5G50300
8168,AT4G16750,AT4G11230
5144,AT4G16750,AT2G21045
6120,AT4G16750,AT5G58750
6088,AT4G16750,AT4G18340
4712,AT4G16750,AT4G11650
8376,AT4G16750,AT5G45380
7560,AT4G16750,AT5G35940
8856,AT4G16750,AT5G39020
5112,AT4G16750,AT1G51270
8888,AT4G16750,AT5G55930
8,AT4G16750,AT3G17390
9656,AT4G16750,AT3G20360
2856,AT4G16750,AT1G77690
2872,AT4G16750,AT4G17870
2904,AT4G16750,AT5G28770
1624,AT4G16750,AT5G20160
2936,AT4G16750,AT3G27190
2952,AT4G16750,AT5G38710
776,AT4G16750,AT5G02760
712,AT4G16750,AT4G23570
3016,AT4G16750,AT4G20820
2328,AT4G16750,AT5G26860
648,AT4G16750,AT3G23940
1736,AT4G16750,AT1G76680
920,AT4G16750,AT1G68840
616,AT4G16750,AT2G34510
2024,AT4G16750,AT5G03380
568,AT4G16750,AT5G08610
9288,AT4G16750,AT4G15270
3112,AT4G16750,AT1G60390
552,AT4G16750,AT3G15510
536,AT4G16750,AT1G33410
2008,AT4G16750,AT1G63660
1800,AT4G16750,AT4G29720
9272,AT4G16750,AT5G19040
376,AT4G16750,AT5G62280
360,AT4G16750,AT1G16390
3224,AT4G16750,AT1G18390
9512,AT4G16750,AT1G27020
9368,AT4G16750,AT2G43140
1608,AT4G16750,AT3G14940
9944,AT4G16750,AT2G40330
2216,AT4G16750,AT3G18130
1272,AT4G16750,AT4G25730
9832,AT4G16750,AT5G64100
2456,AT4G16750,AT2G02740
1256,AT4G16750,AT3G57150
2488,AT4G16750,AT5G59780
1544,AT4G16750,AT3G19930
1240,AT4G16750,AT4G23270
2392,AT4G16750,AT2G03090
2184,AT4G16750,AT5G67520
2504,AT4G16750,AT5G18310
1224,AT4G16750,AT3G14310
1208,AT4G16750,AT1G32540
9432,AT4G16750,AT2G22122
1176,AT4G16750,AT4G17800
1368,AT4G16750,AT1G35580
1560,AT4G16750,AT2G18900
1112,AT4G16750,AT5G47910
1096,AT4G16750,AT1G06720
9864,AT4G16750,AT3G24300
9496,AT4G16750,AT2G38310
2136,AT4G16750,AT3G49780
1032,AT4G16750,AT3G13110
2696,AT4G16750,AT1G47670
1592,AT4G16750,AT3G49940
936,AT4G16750,AT2G19800
2728,AT4G16750,AT3G54720
9240,AT4G16750,AT5G49850
328,AT4G16750,AT3G44990
728,AT4G16750,AT4G34290
184,AT4G16750,AT3G14840
1896,AT4G16750,AT5G11670
10136,AT4G16750,AT3G14260
3400,AT4G16750,AT1G78120
3416,AT4G16750,AT4G39260
56,AT4G16750,AT4G24780
3464,AT4G16750,AT2G34260
88,AT4G16750,AT5G64410
9192,AT4G16750,AT4G39675
1448,AT4G16750,AT4G11320
9672,AT4G16750,AT3G02850
3368,AT4G16750,AT2G47860
1897,AT4G36740,AT5G11670
1049,AT4G36740,AT1G69040
7689,AT4G36740,AT2G32270
4393,AT4G36740,AT1G70850
6521,AT4G36740,AT1G65845
1017,AT4G36740,AT2G41100
6553,AT4G36740,AT1G76930
1577,AT4G36740,AT1G75450
9545,AT4G36740,AT1G02360
3609,AT4G36740,AT1G71880
2137,AT4G36740,AT3G49780
2681,AT4G36740,AT2G26370
8233,AT4G36740,AT5G06330
9161,AT4G36740,AT4G13300
4457,AT4G36740,AT4G18205
2649,AT4G36740,AT3G08040
6409,AT4G36740,AT3G45710
1561,AT4G36740,AT2G18900
5017,AT4G36740,AT5G23100
9801,AT4G36740,AT1G52200
1081,AT4G36740,AT3G21770
6441,AT4G36740,AT5G14340
9865,AT4G36740,AT3G24300
4425,AT4G36740,AT2G39200
6457,AT4G36740,AT2G48080
9385,AT4G36740,AT2G23620
3417,AT4G36740,AT4G39260
6601,AT4G36740,AT4G22212
7561,AT4G36740,AT5G35940
969,AT4G36740,AT2G23600
4265,AT4G36740,AT5G38100
8665,AT4G36740,AT3G45650
2889,AT4G36740,AT2G46450
2857,AT4G36740,AT1G77690
4281,AT4G36740,AT1G55020
6729,AT4G36740,AT5G07460
8393,AT4G36740,AT1G21100
9049,AT4G36740,AT5G19890
6681,AT4G36740,AT2G18210
1465,AT4G36740,AT3G10520
4297,AT4G36740,AT5G38340
8121,AT4G36740,AT4G05200
5049,AT4G36740,AT5G62360
921,AT4G36740,AT1G68840
2793,AT4G36740,AT5G43910
3625,AT4G36740,AT3G62270
4313,AT4G36740,AT2G29995
6617,AT4G36740,AT1G27740
4345,AT4G36740,AT5G63180
2713,AT4G36740,AT5G39760
953,AT4G36740,AT5G46580
1593,AT4G36740,AT3G49940
6633,AT4G36740,AT5G39000
985,AT4G36740,AT4G02930
2233,AT4G36740,AT4G31120
89,AT4G36740,AT5G64410
2745,AT4G36740,AT1G66970
3401,AT4G36740,AT1G78120
8857,AT4G36740,AT5G39020
6649,AT4G36740,AT1G47603
2361,AT4G36740,AT3G51330
937,AT4G36740,AT2G19800
1929,AT4G36740,AT5G61590
6361,AT4G36740,AT2G37130
8793,AT4G36740,AT4G18510
1545,AT4G36740,AT3G19930
4665,AT4G36740,AT2G34490
6169,AT4G36740,AT1G55450
2505,AT4G36740,AT5G18310
9065,AT4G36740,AT1G73300
1225,AT4G36740,AT3G14310
57,AT4G36740,AT4G24780
6089,AT4G36740,AT4G18340
4697,AT4G36740,AT1G58602
10201,AT4G36740,AT1G49860
9785,AT4G36740,AT1G44050
2489,AT4G36740,AT5G59780
25,AT4G36740,AT5G52882
9833,AT4G36740,AT5G64100
3545,AT4G36740,AT2G43610
1257,AT4G36740,AT3G57150
4953,AT4G36740,AT2G01818
1305,AT4G36740,AT5G43580
4777,AT4G36740,AT1G66040
6025,AT4G36740,AT1G66200
2425,AT4G36740,AT4G29700
10217,AT4G36740,AT1G70260
3513,AT4G36740,AT1G14870
3449,AT4G36740,AT4G21745
8329,AT4G36740,AT1G09090
3529,AT4G36740,AT1G21050
8505,AT4G36740,AT1G70880
7721,AT4G36740,AT2G46750
4729,AT4G36740,AT1G02220
2473,AT4G36740,AT3G21260
6073,AT4G36740,AT3G46270
4761,AT4G36740,AT4G36670
1945,AT4G36740,AT1G14210
8713,AT4G36740,AT2G28960
1209,AT4G36740,AT1G32540
1113,AT4G36740,AT5G47910
5353,AT4G36740,AT3G02240
6345,AT4G36740,AT1G35330
4521,AT4G36740,AT5G03700
5001,AT4G36740,AT4G31910
1129,AT4G36740,AT1G13110
2377,AT4G36740,AT2G14060
5753,AT4G36740,AT2G27660
3593,AT4G36740,AT1G23720
6281,AT4G36740,AT4G07820
2585,AT4G36740,AT1G36060
5849,AT4G36740,AT1G73280
3433,AT4G36740,AT1G61360
1177,AT4G36740,AT4G17800
8249,AT4G36740,AT5G09978
8377,AT4G36740,AT5G45380
2569,AT4G36740,AT2G17820
8265,AT4G36740,AT3G26610
7801,AT4G36740,AT2G44370
9849,AT4G36740,AT5G63600
9433,AT4G36740,AT2G22122
6201,AT4G36740,AT4G15340
5785,AT4G36740,AT3G02885
4969,AT4G36740,AT5G16190
4633,AT4G36740,AT1G13300
6233,AT4G36740,AT1G12010
4617,AT4G36740,AT3G46500
6249,AT4G36740,AT2G28160
8345,AT4G36740,AT5G40780
8745,AT4G36740,AT3G46330
4601,AT4G36740,AT3G23190
2521,AT4G36740,AT1G66270
8873,AT4G36740,AT2G46740
1609,AT4G36740,AT3G14940
3321,AT4G36740,AT5G10170
7353,AT4G36740,AT5G53110
217,AT4G36740,AT2G47160
3209,AT4G36740,AT1G78000
8537,AT4G36740,AT5G47980
8969,AT4G36740,AT1G19250
201,AT4G36740,AT3G49670
377,AT4G36740,AT5G62280
3193,AT4G36740,AT3G53190
3865,AT4G36740,AT2G19110
7593,AT4G36740,AT2G01900
9273,AT4G36740,AT5G19040
1961,AT4G36740,AT4G19380
5209,AT4G36740,AT1G29280
7961,AT4G36740,AT1G11580
3897,AT4G36740,AT3G04570
5497,AT4G36740,AT3G45060
7257,AT4G36740,AT2G02020
7161,AT4G36740,AT5G05440
5193,AT4G36740,AT1G78860
3945,AT4G36740,AT1G76990
3129,AT4G36740,AT2G31110
9705,AT4G36740,AT3G03670
7209,AT4G36740,AT1G11540
9257,AT4G36740,AT5G42590
8425,AT4G36740,AT3G53480
7225,AT4G36740,AT2G34010
457,AT4G36740,AT5G60670
7833,AT4G36740,AT1G50050
10057,AT4G36740,AT1G30760
8649,AT4G36740,AT5G28630
393,AT4G36740,AT2G39140
489,AT4G36740,AT4G21850
9241,AT4G36740,AT5G49850
1801,AT4G36740,AT4G29720
7929,AT4G36740,AT3G20940
5481,AT4G36740,AT5G55170
7449,AT4G36740,AT3G23800
9225,AT4G36740,AT5G23840
297,AT4G36740,AT3G49260
3289,AT4G36740,AT5G62630
5465,AT4G36740,AT1G14185
5241,AT4G36740,AT3G16410
3737,AT4G36740,AT1G28290
7497,AT4G36740,AT3G21351
9689,AT4G36740,AT1G54000
8457,AT4G36740,AT3G09940
281,AT4G36740,AT1G28380
3721,AT4G36740,AT4G33050
5449,AT4G36740,AT2G42350
10089,AT4G36740,AT3G13760
8937,AT4G36740,AT5G55050
7417,AT4G36740,AT1G05575
1865,AT4G36740,AT4G38860
10073,AT4G36740,AT1G05700
1993,AT4G36740,AT5G56320
1385,AT4G36740,AT1G11670
3817,AT4G36740,AT1G72200
7577,AT4G36740,AT4G21490
3225,AT4G36740,AT1G18390
3785,AT4G36740,AT5G56870
9513,AT4G36740,AT1G27020
7385,AT4G36740,AT1G78460
3801,AT4G36740,AT5G20550
1977,AT4G36740,AT1G70890
329,AT4G36740,AT3G44990
9209,AT4G36740,AT3G05155
3241,AT4G36740,AT2G25980
345,AT4G36740,AT5G46330
5641,AT4G36740,AT2G34000
185,AT4G36740,AT3G14840
8009,AT4G36740,AT2G28970
6937,AT4G36740,AT1G51850
1353,AT4G36740,AT1G63810
8073,AT4G36740,AT1G05570
1673,AT4G36740,AT5G59080
5097,AT4G36740,AT1G70690
4153,AT4G36740,AT5G17820
2345,AT4G36740,AT3G63200
6889,AT4G36740,AT5G15130
4169,AT4G36740,AT5G03890
6873,AT4G36740,AT5G14200
3641,AT4G36740,AT4G37390
6857,AT4G36740,AT5G04960
5993,AT4G36740,AT2G27420
2937,AT4G36740,AT3G27190
4857,AT4G36740,AT1G80050
5897,AT4G36740,AT5G48000
4921,AT4G36740,AT4G32650
6841,AT4G36740,AT5G46050
8905,AT4G36740,AT4G12470
10009,AT4G36740,AT2G41850
4841,AT4G36740,AT5G11920
6809,AT4G36740,AT1G14960
2921,AT4G36740,AT1G59870
9353,AT4G36740,AT4G33120
5609,AT4G36740,AT3G13730
5065,AT4G36740,AT3G23635
873,AT4G36740,AT4G11850
8105,AT4G36740,AT3G09220
137,AT4G36740,AT5G54510
4249,AT4G36740,AT5G19230
4185,AT4G36740,AT1G05300
9593,AT4G36740,AT1G22500
9721,AT4G36740,AT2G42060
2041,AT4G36740,AT4G17460
5961,AT4G36740,AT1G51800
4937,AT4G36740,AT4G25630
3977,AT4G36740,AT5G46780
7129,AT4G36740,AT5G52830
1497,AT4G36740,AT1G69530
10041,AT4G36740,AT3G13610
3097,AT4G36740,AT4G10380
9305,AT4G36740,AT5G59680
153,AT4G36740,AT1G29025
5529,AT4G36740,AT5G59520
3657,AT4G36740,AT5G62680
7625,AT4G36740,AT2G35270
9033,AT4G36740,AT4G21903
8409,AT4G36740,AT3G46280
4105,AT4G36740,AT5G43520
8361,AT4G36740,AT2G28850
649,AT4G36740,AT3G23940
5417,AT4G36740,AT1G14540
3001,AT4G36740,AT5G18170
681,AT4G36740,AT5G24030
10025,AT4G36740,AT1G45015
7001,AT4G36740,AT2G46430
10137,AT4G36740,AT3G14260
4057,AT4G36740,AT3G15720
1369,AT4G36740,AT1G35580
4041,AT4G36740,AT2G40095
3017,AT4G36740,AT4G20820
8921,AT4G36740,AT1G60110
5865,AT4G36740,AT2G42660
4025,AT4G36740,AT3G46130
8025,AT4G36740,AT1G07620
7641,AT4G36740,AT4G00910
2393,AT4G36740,AT2G03090
1498,AT5G13080,AT1G69530
5898,AT5G13080,AT5G48000
5594,AT5G13080,AT3G01290
1546,AT5G13080,AT3G19930
5370,AT5G13080,AT2G47130
1898,AT5G13080,AT5G11670
5386,AT5G13080,AT3G47200
5402,AT5G13080,AT3G20935
8474,AT5G13080,AT3G50010
5418,AT5G13080,AT1G14540
5482,AT5G13080,AT5G55170
8442,AT5G13080,AT1G49030
5498,AT5G13080,AT3G45060
5514,AT5G13080,AT5G67400
8410,AT5G13080,AT3G46280
1770,AT5G13080,AT5G20250
5530,AT5G13080,AT5G59520
5834,AT5G13080,AT5G42830
5562,AT5G13080,AT1G24320
5578,AT5G13080,AT1G50560
1674,AT5G13080,AT5G59080
9722,AT5G13080,AT2G42060
1658,AT5G13080,AT5G15550
1626,AT5G13080,AT5G20160
8394,AT5G13080,AT1G21100
5642,AT5G13080,AT2G34000
5674,AT5G13080,AT1G51890
1594,AT5G13080,AT3G49940
5706,AT5G13080,AT1G71015
9754,AT5G13080,AT4G08770
5754,AT5G13080,AT2G27660
8378,AT5G13080,AT5G45380
1722,AT5G13080,AT1G68990
1450,AT5G13080,AT4G11320
3514,AT5G13080,AT1G14870
9802,AT5G13080,AT1G52200
7306,AT5G13080,AT5G46260
7290,AT5G13080,AT3G14225
7258,AT5G13080,AT2G02020
410,AT5G13080,AT4G15230
7242,AT5G13080,AT5G06570
7210,AT5G13080,AT1G11540
490,AT5G13080,AT4G21850
506,AT5G13080,AT2G21790
7146,AT5G13080,AT1G21110
8010,AT5G13080,AT2G28970
362,AT5G13080,AT1G16390
7130,AT5G13080,AT5G52830
586,AT5G13080,AT5G67510
7050,AT5G13080,AT5G67450
602,AT5G13080,AT5G56530
7034,AT5G13080,AT1G16160
10026,AT5G13080,AT1G45015
7018,AT5G13080,AT4G21410
8058,AT5G13080,AT5G40590
7002,AT5G13080,AT2G46430
6970,AT5G13080,AT3G48080
714,AT5G13080,AT4G23570
10042,AT5G13080,AT3G13610
7354,AT5G13080,AT5G53110
10074,AT5G13080,AT1G05700
7370,AT5G13080,AT5G65970
7722,AT5G13080,AT2G46750
7706,AT5G13080,AT4G15390
58,AT5G13080,AT4G24780
7802,AT5G13080,AT2G44370
7690,AT5G13080,AT2G32270
74,AT5G13080,AT1G33590
7674,AT5G13080,AT1G73330
122,AT5G13080,AT1G70530
7818,AT5G13080,AT1G66800
7658,AT5G13080,AT1G47840
138,AT5G13080,AT5G54510
7626,AT5G13080,AT2G35270
186,AT5G13080,AT3G14840
7610,AT5G13080,AT2G26820
234,AT5G13080,AT1G48920
10122,AT5G13080,AT3G20380
282,AT5G13080,AT1G28380
7498,AT5G13080,AT3G21351
7898,AT5G13080,AT4G25090
298,AT5G13080,AT3G49260
7418,AT5G13080,AT1G05575
7386,AT5G13080,AT1G78460
346,AT5G13080,AT5G46330
6938,AT5G13080,AT1G51850
5914,AT5G13080,AT5G24230
6906,AT5G13080,AT4G11530
6890,AT5G13080,AT5G15130
1130,AT5G13080,AT1G13110
6282,AT5G13080,AT4G07820
1146,AT5G13080,AT3G23880
8250,AT5G13080,AT5G09978
6250,AT5G13080,AT2G28160
1194,AT5G13080,AT2G31060
1210,AT5G13080,AT1G32540
6170,AT5G13080,AT1G55450
6138,AT5G13080,AT1G29020
8282,AT5G13080,AT5G60950
6298,AT5G13080,AT4G21400
1242,AT5G13080,AT4G23270
6074,AT5G13080,AT3G46270
6026,AT5G13080,AT1G66200
6010,AT5G13080,AT5G14070
8346,AT5G13080,AT5G40780
5994,AT5G13080,AT2G27420
1370,AT5G13080,AT1G35580
5978,AT5G13080,AT5G23990
5962,AT5G13080,AT1G51800
8362,AT5G13080,AT2G28850
5946,AT5G13080,AT4G22230
9834,AT5G13080,AT5G64100
1114,AT5G13080,AT5G47910
8234,AT5G13080,AT5G06330
6410,AT5G13080,AT3G45710
10010,AT5G13080,AT2G41850
794,AT5G13080,AT1G08930
6810,AT5G13080,AT1G14960
826,AT5G13080,AT2G39420
9978,AT5G13080,AT5G43350
842,AT5G13080,AT1G56140
6794,AT5G13080,AT5G36870
874,AT5G13080,AT4G11850
6778,AT5G13080,AT5G49780
6746,AT5G13080,AT1G15890
6682,AT5G13080,AT2G18210
6666,AT5G13080,AT1G51790
922,AT5G13080,AT1G68840
6650,AT5G13080,AT1G47603
6634,AT5G13080,AT5G39000
938,AT5G13080,AT2G19800
1002,AT5G13080,AT1G14410
8186,AT5G13080,AT5G04730
6538,AT5G13080,AT4G19370
6522,AT5G13080,AT1G65845
9866,AT5G13080,AT3G24300
8218,AT5G13080,AT5G54040
6474,AT5G13080,AT3G62280
8090,AT5G13080,AT3G50460
954,AT5G13080,AT5G46580
3658,AT5G13080,AT5G62680
3946,AT5G13080,AT1G76990
2826,AT5G13080,AT1G56110
4906,AT5G13080,AT3G45410
3882,AT5G13080,AT3G51340
9514,AT5G13080,AT1G27020
2298,AT5G13080,AT2G45510
4890,AT5G13080,AT1G10340
4298,AT5G13080,AT5G38340
4922,AT5G13080,AT4G32650
2314,AT5G13080,AT3G52170
3194,AT5G13080,AT3G53190
8858,AT5G13080,AT5G39020
4874,AT5G13080,AT1G02920
2330,AT5G13080,AT5G26860
4314,AT5G13080,AT2G29995
2746,AT5G13080,AT1G66970
2362,AT5G13080,AT3G51330
8650,AT5G13080,AT5G28630
3674,AT5G13080,AT5G20400
2266,AT5G13080,AT4G15233
7786,AT5G13080,AT3G26210
9274,AT5G13080,AT5G19040
2938,AT5G13080,AT3G27190
3642,AT5G13080,AT4G37390
4186,AT5G13080,AT1G05300
9546,AT5G13080,AT1G02360
9338,AT5G13080,AT4G01750
2922,AT5G13080,AT1G59870
4986,AT5G13080,AT4G36150
4202,AT5G13080,AT1G15040
4218,AT5G13080,AT3G13790
9530,AT5G13080,AT1G33840
4970,AT5G13080,AT5G16190
2170,AT5G13080,AT2G24120
2906,AT5G13080,AT5G28770
8618,AT5G13080,AT3G50740
4250,AT5G13080,AT5G19230
8954,AT5G13080,AT3G51350
8666,AT5G13080,AT3G45650
3354,AT5G13080,AT4G00950
3690,AT5G13080,AT3G20640
9370,AT5G13080,AT2G43140
8714,AT5G13080,AT2G28960
3802,AT5G13080,AT5G20550
3226,AT5G13080,AT1G18390
4634,AT5G13080,AT1G13300
4426,AT5G13080,AT2G39200
2538,AT5G13080,AT5G05460
8810,AT5G13080,AT2G36690
8746,AT5G13080,AT3G46330
2650,AT5G13080,AT3G08040
4458,AT5G13080,AT4G18205
4570,AT5G13080,AT2G27000
9418,AT5G13080,AT1G66930
8794,AT5G13080,AT4G18510
3274,AT5G13080,AT1G29730
3258,AT5G13080,AT5G16170
2586,AT5G13080,AT1G36060
9402,AT5G13080,AT2G32660
9434,AT5G13080,AT2G22122
2122,AT5G13080,AT3G56070
3770,AT5G13080,AT4G21870
8826,AT5G13080,AT5G39580
4810,AT5G13080,AT5G05430
3850,AT5G13080,AT1G03850
3210,AT5G13080,AT1G78000
3338,AT5G13080,AT4G19030
4762,AT5G13080,AT4G36670
4346,AT5G13080,AT5G63180
8970,AT5G13080,AT1G19250
3834,AT5G13080,AT4G31210
9450,AT5G13080,AT5G64120
3722,AT5G13080,AT4G33050
3818,AT5G13080,AT1G72200
4362,AT5G13080,AT4G04570
9018,AT5G13080,AT3G22800
4378,AT5G13080,AT4G02520
2682,AT5G13080,AT2G26370
4394,AT5G13080,AT1G70850
2506,AT5G13080,AT5G18310
3290,AT5G13080,AT5G62630
3386,AT5G13080,AT3G27400
4282,AT5G13080,AT1G55020
8906,AT5G13080,AT4G12470
9178,AT5G13080,AT5G35190
3146,AT5G13080,AT3G54040
4106,AT5G13080,AT5G43520
2970,AT5G13080,AT3G63380
5162,AT5G13080,AT4G37400
3018,AT5G13080,AT4G20820
8538,AT5G13080,AT5G47980
8922,AT5G13080,AT1G60110
2010,AT5G13080,AT1G63660
3594,AT5G13080,AT1G23720
9594,AT5G13080,AT1G22500
3930,AT5G13080,AT3G47210
3434,AT5G13080,AT1G61360
3562,AT5G13080,AT1G12160
3050,AT5G13080,AT4G08850
3994,AT5G13080,AT1G30730
9306,AT5G13080,AT5G59680
5354,AT5G13080,AT3G02240
3130,AT5G13080,AT2G31110
5338,AT5G13080,AT3G49620
9642,AT5G13080,AT5G44585
8522,AT5G13080,AT1G65390
3114,AT5G13080,AT1G60390
5114,AT5G13080,AT1G51270
9290,AT5G13080,AT4G15270
1962,AT5G13080,AT4G19380
3978,AT5G13080,AT5G46780
3098,AT5G13080,AT4G10380
5274,AT5G13080,AT5G24960
9082,AT5G13080,AT4G25110
3546,AT5G13080,AT2G43610
5322,AT5G13080,AT2G28630
8554,AT5G13080,AT1G29740
4522,AT5G13080,AT5G03700
3626,AT5G13080,AT3G62270
4122,AT5G13080,AT1G14080
8586,AT5G13080,AT3G25510
5098,AT5G13080,AT1G70690
5082,AT5G13080,AT4G13860
3162,AT5G13080,AT1G30080
2058,AT5G13080,AT1G19380
2954,AT5G13080,AT5G38710
2074,AT5G13080,AT1G72300
7963,AT5G39760,AT1G11580
9291,AT5G39760,AT4G15270
3803,AT5G39760,AT5G20550
6891,AT5G39760,AT5G15130
4411,AT5G39760,AT5G24410
3931,AT5G39760,AT3G47210
4395,AT5G39760,AT1G70850
379,AT5G39760,AT5G62280
7131,AT5G39760,AT5G52830
7275,AT5G39760,AT4G32950
9003,AT5G39760,AT1G56680
1035,AT5G39760,AT3G13110
8843,AT5G39760,AT1G09240
8203,AT5G39760,AT4G12480
2955,AT5G39760,AT5G38710
4363,AT5G39760,AT4G04570
6555,AT5G39760,AT1G76930
2699,AT5G39760,AT1G47670
7067,AT5G39760,AT5G05250
8075,AT5G39760,AT1G05570
3099,AT5G39760,AT4G10380
10059,AT5G39760,AT1G30760
9387,AT5G39760,AT2G23620
6843,AT5G39760,AT5G46050
331,AT5G39760,AT3G44990
2603,AT5G39760,AT1G12020
2635,AT5G39760,AT1G76520
6363,AT5G39760,AT2G37130
7163,AT5G39760,AT5G05440
3947,AT5G39760,AT1G76990
10043,AT5G39760,AT3G13610
8907,AT5G39760,AT4G12470
6395,AT5G39760,AT1G65730
763,AT5G39760,AT1G02640
3131,AT5G39760,AT2G31110
555,AT5G39760,AT3G15510
8939,AT5G39760,AT5G55050
2651,AT5G39760,AT3G08040
3115,AT5G39760,AT1G60390
7387,AT5G39760,AT1G78460
1083,AT5G39760,AT3G21770
8811,AT5G39760,AT2G36690
4427,AT5G39760,AT2G39200
6443,AT5G39760,AT5G14340
7259,AT5G39760,AT2G02020
3163,AT5G39760,AT1G30080
1051,AT5G39760,AT1G69040
7211,AT5G39760,AT1G11540
9867,AT5G39760,AT3G24300
1915,AT5G39760,AT1G65985
8971,AT5G39760,AT1G19250
2747,AT5G39760,AT1G66970
747,AT5G39760,AT2G36400
9275,AT5G39760,AT5G19040
4027,AT5G39760,AT3G46130
6667,AT5G39760,AT1G51790
8123,AT5G39760,AT4G05200
4059,AT5G39760,AT3G15720
4075,AT5G39760,AT4G24340
6779,AT5G39760,AT5G49780
3003,AT5G39760,AT5G18170
9323,AT5G39760,AT1G67110
8059,AT5G39760,AT5G40590
2811,AT5G39760,AT5G14120
6763,AT5G39760,AT5G10580
8107,AT5G39760,AT3G09220
4107,AT5G39760,AT5G43520
4283,AT5G39760,AT1G55020
6683,AT5G39760,AT2G18210
9947,AT5G39760,AT2G40330
875,AT5G39760,AT4G11850
4267,AT5G39760,AT5G38100
7947,AT5G39760,AT5G20470
3227,AT5G39760,AT1G18390
923,AT5G39760,AT1G68840
651,AT5G39760,AT3G23940
3195,AT5G39760,AT3G53190
4315,AT5G39760,AT2G29995
987,AT5G39760,AT4G02930
7051,AT5G39760,AT5G67450
3051,AT5G39760,AT4G08850
7355,AT5G39760,AT5G53110
3147,AT5G39760,AT3G54040
955,AT5G39760,AT5G46580
4347,AT5G39760,AT5G63180
8891,AT5G39760,AT5G55930
6619,AT5G39760,AT1G27740
8155,AT5G39760,AT2G36120
2715,AT5G39760,AT5G39760
3819,AT5G39760,AT1G72200
603,AT5G39760,AT5G56530
939,AT5G39760,AT2G19800
9371,AT5G39760,AT2G43140
3035,AT5G39760,AT1G77380
6859,AT5G39760,AT5G04960
459,AT5G39760,AT5G60670
4331,AT5G39760,AT2G16660
4011,AT5G39760,AT5G59090
3179,AT5G39760,AT4G21680
3019,AT5G39760,AT4G20820
2907,AT5G39760,AT5G28770
10011,AT5G39760,AT2G41850
9355,AT5G39760,AT4G33120
6635,AT5G39760,AT5G39000
9691,AT5G39760,AT1G54000
3787,AT5G39760,AT5G56870
5019,AT5G39760,AT5G23100
1579,AT5G39760,AT1G75450
5035,AT5G39760,AT5G19110
2123,AT5G39760,AT3G56070
1595,AT5G39760,AT3G49940
5051,AT5G39760,AT5G62360
139,AT5G39760,AT5G54510
7659,AT5G39760,AT1G47840
3387,AT5G39760,AT3G27400
5611,AT5G39760,AT3G13730
2059,AT5G39760,AT1G19380
10139,AT5G39760,AT3G14260
8395,AT5G39760,AT1G21100
9179,AT5G39760,AT5G35190
2075,AT5G39760,AT1G72300
2043,AT5G39760,AT4G17460
5003,AT5G39760,AT4G31910
2139,AT5G39760,AT3G49780
3659,AT5G39760,AT5G62680
1467,AT5G39760,AT3G10520
2251,AT5G39760,AT4G34950
4939,AT5G39760,AT4G25630
8619,AT5G39760,AT3G50740
5851,AT5G39760,AT1G73280
7643,AT5G39760,AT4G00910
1115,AT5G39760,AT5G47910
4955,AT5G39760,AT2G01818
7627,AT5G39760,AT2G35270
5787,AT5G39760,AT3G02885
4971,AT5G39760,AT5G16190
1547,AT5G39760,AT3G19930
3643,AT5G39760,AT4G37390
9787,AT5G39760,AT1G44050
3403,AT5G39760,AT1G78120
9163,AT5G39760,AT4G13300
9051,AT5G39760,AT5G19890
27,AT5G39760,AT5G52882
7723,AT5G39760,AT2G46750
1835,AT5G39760,AT5G11240
1851,AT5G39760,AT3G53460
9675,AT5G39760,AT3G02850
8459,AT5G39760,AT3G09940
1819,AT5G39760,AT1G58370
1867,AT5G39760,AT4G38860
10203,AT5G39760,AT1G49860
5387,AT5G39760,AT3G47200
5339,AT5G39760,AT3G49620
1931,AT5G39760,AT5G61590
1899,AT5G39760,AT5G11670
11,AT5G39760,AT3G17390
5323,AT5G39760,AT2G28630
3515,AT5G39760,AT1G14870
3547,AT5G39760,AT2G43610
5243,AT5G39760,AT3G16410
7691,AT5G39760,AT2G32270
5131,AT5G39760,AT3G26770
7803,AT5G39760,AT2G44370
2027,AT5G39760,AT5G03380
5163,AT5G39760,AT4G37400
9707,AT5G39760,AT3G03670
8539,AT5G39760,AT5G47980
8411,AT5G39760,AT3G46280
5195,AT5G39760,AT1G78860
5499,AT5G39760,AT3G45060
9595,AT5G39760,AT1G22500
5211,AT5G39760,AT1G29280
1995,AT5G39760,AT5G56320
1803,AT5G39760,AT4G29720
7707,AT5G39760,AT4G15390
8363,AT5G39760,AT2G28850
9515,AT5G39760,AT1G27020
9035,AT5G39760,AT4G21903
4635,AT5G39760,AT1G13300
8763,AT5G39760,AT3G53200
9211,AT5G39760,AT3G05155
4699,AT5G39760,AT1G58602
2491,AT5G39760,AT5G59780
6091,AT5G39760,AT4G18340
6251,AT5G39760,AT2G28160
8283,AT5G39760,AT5G60950
3723,AT5G39760,AT4G33050
315,AT5G39760,AT5G22650
283,AT5G39760,AT1G28380
9803,AT5G39760,AT1G52200
1179,AT5G39760,AT4G17800
7851,AT5G39760,AT3G61930
9835,AT5G39760,AT5G64100
8251,AT5G39760,AT5G09978
6139,AT5G39760,AT1G29020
10091,AT5G39760,AT3G13760
299,AT5G39760,AT3G49260
6155,AT5G39760,AT3G46810
1227,AT5G39760,AT3G14310
9435,AT5G39760,AT2G22122
4667,AT5G39760,AT2G34490
6171,AT5G39760,AT1G55450
2507,AT5G39760,AT5G18310
1211,AT5G39760,AT1G32540
3739,AT5G39760,AT1G28290
7451,AT5G39760,AT3G23800
7179,AT5G39760,AT5G49770
6203,AT5G39760,AT4G15340
9851,AT5G39760,AT5G63600
3291,AT5G39760,AT5G62630
8299,AT5G39760,AT2G29330
4715,AT5G39760,AT4G11650
2523,AT5G39760,AT1G66270
3355,AT5G39760,AT4G00950
7595,AT5G39760,AT2G01900
4843,AT5G39760,AT5G11920
5963,AT5G39760,AT1G51800
4539,AT5G39760,AT5G02360
2347,AT5G39760,AT3G63200
4523,AT5G39760,AT5G03700
6075,AT5G39760,AT3G46270
8347,AT5G39760,AT5G40780
203,AT5G39760,AT3G49670
1355,AT5G39760,AT1G63810
3691,AT5G39760,AT3G20640
2587,AT5G39760,AT1G36060
7419,AT5G39760,AT1G05575
6267,AT5G39760,AT2G02690
4779,AT5G39760,AT1G66040
219,AT5G39760,AT2G47160
10123,AT5G39760,AT3G20380
8235,AT5G39760,AT5G06330
6027,AT5G39760,AT1G66200
2427,AT5G39760,AT4G29700
1387,AT5G39760,AT1G11670
9483,AT5G39760,AT1G65970
9019,AT5G39760,AT3G22800
2475,AT5G39760,AT3G21260
235,AT5G39760,AT1G48920
6315,AT5G39760,AT2G17060
9819,AT5G39760,AT1G35625
8940,AT5G51990,AT5G55050
460,AT5G51990,AT5G60670
7788,AT5G51990,AT3G26210
3276,AT5G51990,AT1G29730
12,AT5G51990,AT3G17390
7724,AT5G51990,AT2G46750
7900,AT5G51990,AT4G25090
332,AT5G51990,AT3G44990
7180,AT5G51990,AT5G49770
3532,AT5G51990,AT1G21050
3356,AT5G51990,AT4G00950
60,AT5G51990,AT4G24780
188,AT5G51990,AT3G14840
7612,AT5G51990,AT2G26820
9196,AT5G51990,AT4G39675
7836,AT5G51990,AT1G50050
3372,AT5G51990,AT2G47860
7596,AT5G51990,AT2G01900
380,AT5G51990,AT5G62280
364,AT5G51990,AT1G16390
7628,AT5G51990,AT2G35270
9036,AT5G51990,AT4G21903
3644,AT5G51990,AT4G37390
3212,AT5G51990,AT1G78000
7564,AT5G51990,AT5G35940
9180,AT5G51990,AT5G35190
3292,AT5G51990,AT5G62630
92,AT5G51990,AT5G64410
3404,AT5G51990,AT1G78120
7980,AT5G51990,AT1G32450
7692,AT5G51990,AT2G32270
3420,AT5G51990,AT4G39260
7244,AT5G51990,AT5G06570
3468,AT5G51990,AT2G34260
428,AT5G51990,AT3G14390
9660,AT5G51990,AT3G20360
7164,AT5G51990,AT5G05440
5756,AT5G51990,AT2G27660
4972,AT5G51990,AT5G16190
2188,AT5G51990,AT5G67520
2220,AT5G51990,AT3G18130
2268,AT5G51990,AT4G15233
9516,AT5G51990,AT1G27020
5932,AT5G51990,AT4G01430
4876,AT5G51990,AT1G02920
1372,AT5G51990,AT1G35580
4860,AT5G51990,AT1G80050
1356,AT5G51990,AT1G63810
4812,AT5G51990,AT5G05430
6012,AT5G51990,AT5G14070
2396,AT5G51990,AT2G03090
8668,AT5G51990,AT3G45650
4764,AT5G51990,AT4G36670
1276,AT5G51990,AT4G25730
1260,AT5G51990,AT3G57150
2476,AT5G51990,AT3G21260
4716,AT5G51990,AT4G11650
4700,AT5G51990,AT1G58602
1244,AT5G51990,AT4G23270
6092,AT5G51990,AT4G18340
6124,AT5G51990,AT5G58750
9436,AT5G51990,AT2G22122
4684,AT5G51990,AT1G48570
9836,AT5G51990,AT5G64100
2140,AT5G51990,AT3G49780
1228,AT5G51990,AT3G14310
1548,AT5G51990,AT3G19930
9548,AT5G51990,AT1G02360
1900,AT5G51990,AT5G11670
5388,AT5G51990,AT3G47200
8476,AT5G51990,AT3G50010
8524,AT5G51990,AT1G65390
5452,AT5G51990,AT2G42350
5260,AT5G51990,AT5G14580
1820,AT5G51990,AT1G58370
1964,AT5G51990,AT4G19380
9692,AT5G51990,AT1G54000
5228,AT5G51990,AT2G37460
5484,AT5G51990,AT5G55170
1804,AT5G51990,AT4G29720
5516,AT5G51990,AT5G67400
1756,AT5G51990,AT3G16810
2028,AT5G51990,AT5G03380
1740,AT5G51990,AT1G76680
5564,AT5G51990,AT1G24320
5116,AT5G51990,AT1G51270
1708,AT5G51990,AT2G22860
1676,AT5G51990,AT5G59080
5100,AT5G51990,AT1G70690
5084,AT5G51990,AT4G13860
5596,AT5G51990,AT3G01290
1628,AT5G51990,AT5G20160
5068,AT5G51990,AT3G23635
1612,AT5G51990,AT3G14940
5052,AT5G51990,AT5G62360
5036,AT5G51990,AT5G19110
4652,AT5G51990,AT1G72360
9868,AT5G51990,AT3G24300
6188,AT5G51990,AT5G50300
2956,AT5G51990,AT5G38710
4348,AT5G51990,AT5G63180
4012,AT5G51990,AT5G59090
9372,AT5G51990,AT2G43140
4332,AT5G51990,AT2G16660
6636,AT5G51990,AT5G39000
924,AT5G51990,AT1G68840
6652,AT5G51990,AT1G47603
4300,AT5G51990,AT5G38340
2508,AT5G51990,AT5G18310
572,AT5G51990,AT5G08610
908,AT5G51990,AT4G11290
3004,AT5G51990,AT5G18170
876,AT5G51990,AT4G11850
4252,AT5G51990,AT5G19230
2908,AT5G51990,AT5G28770
6812,AT5G51990,AT1G14960
4188,AT5G51990,AT1G05300
6844,AT5G51990,AT5G46050
716,AT5G51990,AT4G23570
2940,AT5G51990,AT3G27190
8908,AT5G51990,AT4G12470
9948,AT5G51990,AT2G40330
8844,AT5G51990,AT1G09240
3020,AT5G51990,AT4G20820
556,AT5G51990,AT3G15510
3948,AT5G51990,AT1G76990
9852,AT5G51990,AT5G63600
1180,AT5G51990,AT4G17800
2556,AT5G51990,AT1G53430
540,AT5G51990,AT1G33410
4572,AT5G51990,AT2G27000
3116,AT5G51990,AT1G60390
7148,AT5G51990,AT1G21110
1132,AT5G51990,AT1G13110
8236,AT5G51990,AT5G06330
988,AT5G51990,AT4G02930
2588,AT5G51990,AT1G36060
1116,AT5G51990,AT5G47910
1100,AT5G51990,AT1G06720
6572,AT5G51990,AT1G19050
6460,AT5G51990,AT2G48080
8220,AT5G51990,AT5G54040
7132,AT5G51990,AT5G52830
2700,AT5G51990,AT1G47670
6348,AT5G51990,AT1G35330
1036,AT5G51990,AT3G13110
9597,AT5G52660,AT1G22500
9645,AT5G52660,AT5G44585
8029,AT5G52660,AT1G07620
9693,AT5G52660,AT1G54000
9133,AT5G52660,AT1G43780
8013,AT5G52660,AT2G28970
8525,AT5G52660,AT1G65390
9325,AT5G52660,AT1G67110
10013,AT5G52660,AT2G41850
8381,AT5G52660,AT5G45380
8541,AT5G52660,AT5G47980
8717,AT5G52660,AT2G28960
9229,AT5G52660,AT5G23840
9437,AT5G52660,AT2G22122
10045,AT5G52660,AT3G13610
8765,AT5G52660,AT3G53200
9389,AT5G52660,AT2G23620
8813,AT5G52660,AT2G36690
8349,AT5G52660,AT5G40780
9805,AT5G52660,AT1G52200
8845,AT5G52660,AT1G09240
8365,AT5G52660,AT2G28850
9789,AT5G52660,AT1G44050
9517,AT5G52660,AT1G27020
8621,AT5G52660,AT3G50740
8605,AT5G52660,AT5G48010
9949,AT5G52660,AT2G40330
8397,AT5G52660,AT1G21100
9981,AT5G52660,AT5G43350
10141,AT5G52660,AT3G14260
8909,AT5G52660,AT4G12470
10109,AT5G52660,AT3G02620
4765,AT5G52660,AT4G36670
10221,AT5G52660,AT1G70260
1981,AT5G52660,AT1G70890
4637,AT5G52660,AT1G13300
4621,AT5G52660,AT3G46500
1085,AT5G52660,AT3G21770
4557,AT5G52660,AT5G05290
4525,AT5G52660,AT5G03700
4429,AT5G52660,AT2G39200
4317,AT5G52660,AT2G29995
4269,AT5G52660,AT5G38100
1213,AT5G52660,AT1G32540
4189,AT5G52660,AT1G05300
4173,AT5G52660,AT5G03890
4061,AT5G52660,AT3G15720
1229,AT5G52660,AT3G14310
4013,AT5G52660,AT5G59090
1245,AT5G52660,AT4G23270
3933,AT5G52660,AT3G47210
989,AT5G52660,AT4G02930
4861,AT5G52660,AT1G80050
941,AT5G52660,AT2G19800
925,AT5G52660,AT1G68840
381,AT5G52660,AT5G62280
6189,AT5G52660,AT5G50300
6013,AT5G52660,AT5G14070
5981,AT5G52660,AT5G23990
5949,AT5G52660,AT4G22230
5757,AT5G52660,AT2G27660
5741,AT5G52660,AT1G49570
5581,AT5G52660,AT1G50560
3869,AT5G52660,AT2G19110
637,AT5G52660,AT1G63880
5453,AT5G52660,AT2G42350
5421,AT5G52660,AT1G14540
797,AT5G52660,AT1G08930
5325,AT5G52660,AT2G28630
5213,AT5G52660,AT1G29280
5165,AT5G52660,AT4G37400
813,AT5G52660,AT3G49360
5053,AT5G52660,AT5G62360
5501,AT5G52660,AT3G45060
3853,AT5G52660,AT1G03850
1357,AT5G52660,AT1G63810
3789,AT5G52660,AT5G56870
2717,AT5G52660,AT5G39760
1789,AT5G52660,AT3G20395
2653,AT5G52660,AT3G08040
1805,AT5G52660,AT4G29720
2589,AT5G52660,AT1G36060
1853,AT5G52660,AT3G53460
2509,AT5G52660,AT5G18310
1869,AT5G52660,AT4G38860
1773,AT5G52660,AT5G20250
2493,AT5G52660,AT5G59780
2477,AT5G52660,AT3G21260
2429,AT5G52660,AT4G29700
2269,AT5G52660,AT4G15233
2253,AT5G52660,AT4G34950
1933,AT5G52660,AT5G61590
2141,AT5G52660,AT3G49780
1949,AT5G52660,AT1G14210
2125,AT5G52660,AT3G56070
1901,AT5G52660,AT5G11670
349,AT5G52660,AT5G46330
2925,AT5G52660,AT1G59870
3053,AT5G52660,AT4G08850
1373,AT5G52660,AT1G35580
3693,AT5G52660,AT3G20640
3645,AT5G52660,AT4G37390
3613,AT5G52660,AT1G71880
1389,AT5G52660,AT1G11670
3469,AT5G52660,AT2G34260
1405,AT5G52660,AT3G58660
3421,AT5G52660,AT4G39260
2957,AT5G52660,AT5G38710
1437,AT5G52660,AT2G21660
1501,AT5G52660,AT1G69530
3293,AT5G52660,AT5G62630
3277,AT5G52660,AT1G29730
3197,AT5G52660,AT3G53190
3181,AT5G52660,AT4G21680
3101,AT5G52660,AT4G10380
1677,AT5G52660,AT5G59080
3085,AT5G52660,AT5G51790
3405,AT5G52660,AT1G78120
6445,AT5G52660,AT5G14340
1997,AT5G52660,AT5G56320
29,AT5G52660,AT5G52882
285,AT5G52660,AT1G28380
7389,AT5G52660,AT1G78460
7133,AT5G52660,AT5G52830
6749,AT5G52660,AT1G15890
61,AT5G52660,AT4G24780
7613,AT5G52660,AT2G26820
7485,AT5G52660,AT3G49630
13,AT5G52660,AT3G17390
6637,AT5G52660,AT5G39000
6909,AT5G52660,AT4G11530
7725,AT5G52660,AT2G46750
7309,AT5G52660,AT5G46260
7229,AT5G52660,AT2G34010
7005,AT5G52660,AT2G46430
221,AT5G52660,AT2G47160
237,AT5G52660,AT1G48920
253,AT5G52660,AT2G43535
6669,AT5G52660,AT1G51790
9086,AT5G52830,AT4G25110
3502,AT5G52830,AT4G15990
302,AT5G52830,AT3G49260
3566,AT5G52830,AT1G12160
3598,AT5G52830,AT1G23720
7230,AT5G52830,AT2G34010
3630,AT5G52830,AT3G62270
1374,AT5G52830,AT1G35580
3646,AT5G52830,AT4G37390
3550,AT5G52830,AT2G43610
7246,AT5G52830,AT5G06570
7262,AT5G52830,AT2G02020
142,AT5G52830,AT5G54510
9214,AT5G52830,AT3G05155
1502,AT5G52830,AT1G69530
3326,AT5G52830,AT5G10170
3342,AT5G52830,AT4G19030
3358,AT5G52830,AT4G00950
7950,AT5G52830,AT5G20470
3374,AT5G52830,AT2G47860
9790,AT5G52830,AT1G44050
9182,AT5G52830,AT5G35190
3390,AT5G52830,AT3G27400
1454,AT5G52830,AT4G11320
7294,AT5G52830,AT3G14225
9166,AT5G52830,AT4G13300
7278,AT5G52830,AT4G32950
3438,AT5G52830,AT1G61360
1390,AT5G52830,AT1G11670
9806,AT5G52830,AT1G52200
9022,AT5G52830,AT3G22800
7214,AT5G52830,AT1G11540
7022,AT5G52830,AT4G21410
3982,AT5G52830,AT5G46780
3998,AT5G52830,AT1G30730
8926,AT5G52830,AT1G60110
7006,AT5G52830,AT2G46430
9838,AT5G52830,AT5G64100
8030,AT5G52830,AT1G07620
4110,AT5G52830,AT5G43520
6478,AT5G52830,AT3G62280
4126,AT5G52830,AT1G14080
4158,AT5G52830,AT5G17820
6974,AT5G52830,AT3G48080
4190,AT5G52830,AT1G05300
8062,AT5G52830,AT5G40590
4206,AT5G52830,AT1G15040
3950,AT5G52830,AT1G76990
3662,AT5G52830,AT5G62680
1246,AT5G52830,AT4G23270
8942,AT5G52830,AT5G55050
3694,AT5G52830,AT3G20640
7150,AT5G52830,AT1G21110
9822,AT5G52830,AT1G35625
3726,AT5G52830,AT4G33050
9006,AT5G52830,AT1G56680
3806,AT5G52830,AT5G20550
7134,AT5G52830,AT5G52830
8974,AT5G52830,AT1G19250
3822,AT5G52830,AT1G72200
3838,AT5G52830,AT4G31210
3854,AT5G52830,AT1G03850
8014,AT5G52830,AT2G28970
1310,AT5G52830,AT5G43580
8958,AT5G52830,AT3G51350
3886,AT5G52830,AT3G51340
7038,AT5G52830,AT1G16160
3294,AT5G52830,AT5G62630
3214,AT5G52830,AT1G78000
3278,AT5G52830,AT1G29730
1902,AT5G52830,AT5G11670
7806,AT5G52830,AT2G44370
9454,AT5G52830,AT5G64120
9438,AT5G52830,AT2G22122
7822,AT5G52830,AT1G66800
2494,AT5G52830,AT5G59780
7662,AT5G52830,AT1G47840
2510,AT5G52830,AT5G18310
7630,AT5G52830,AT2G35270
2542,AT5G52830,AT5G05460
9422,AT5G52830,AT1G66930
7614,AT5G52830,AT2G26820
9406,AT5G52830,AT2G32660
2590,AT5G52830,AT1G36060
9390,AT5G52830,AT2G23620
7694,AT5G52830,AT2G32270
62,AT5G52830,AT4G24780
1918,AT5G52830,AT1G65985
2334,AT5G52830,AT5G26860
2014,AT5G52830,AT1G63660
9598,AT5G52830,AT1G22500
2062,AT5G52830,AT1G19380
2078,AT5G52830,AT1G72300
9550,AT5G52830,AT1G02360
7790,AT5G52830,AT3G26210
7726,AT5G52830,AT2G46750
9534,AT5G52830,AT1G33840
2158,AT5G52830,AT4G27010
9518,AT5G52830,AT1G27020
7710,AT5G52830,AT4G15390
2270,AT5G52830,AT4G15233
9646,AT5G52830,AT5G44585
2302,AT5G52830,AT2G45510
2318,AT5G52830,AT3G52170
2366,AT5G52830,AT3G51330
2654,AT5G52830,AT3G08040
2686,AT5G52830,AT2G26370
7502,AT5G52830,AT3G21351
9294,AT5G52830,AT4G15270
78,AT5G52830,AT1G33590
3102,AT5G52830,AT4G10380
1662,AT5G52830,AT5G15550
3118,AT5G52830,AT1G60390
9726,AT5G52830,AT2G42060
9278,AT5G52830,AT5G19040
1550,AT5G52830,AT3G19930
7358,AT5G52830,AT5G53110
9758,AT5G52830,AT4G08770
7310,AT5G52830,AT5G46260
3198,AT5G52830,AT3G53190
4222,AT5G52830,AT3G13790
3230,AT5G52830,AT1G18390
3262,AT5G52830,AT5G16170
7390,AT5G52830,AT1G78460
3054,AT5G52830,AT4G08850
7406,AT5G52830,AT1G73270
9310,AT5G52830,AT5G59680
2718,AT5G52830,AT5G39760
1774,AT5G52830,AT5G20250
2750,AT5G52830,AT1G66970
2798,AT5G52830,AT5G43910
2830,AT5G52830,AT1G56110
1726,AT5G52830,AT1G68990
2910,AT5G52830,AT5G28770
126,AT5G52830,AT1G70530
7422,AT5G52830,AT1G05575
2926,AT5G52830,AT1G59870
7902,AT5G52830,AT4G25090
9326,AT5G52830,AT1G67110
2958,AT5G52830,AT5G38710
2974,AT5G52830,AT3G63380
3022,AT5G52830,AT4G20820
1678,AT5G52830,AT5G59080
9342,AT5G52830,AT4G01750
1198,AT5G52830,AT2G31060
8910,AT5G52830,AT4G12470
8718,AT5G52830,AT2G28960
5454,AT5G52830,AT2G42350
6654,AT5G52830,AT1G47603
10014,AT5G52830,AT2G41850
5422,AT5G52830,AT1G14540
8142,AT5G52830,AT5G48430
5406,AT5G52830,AT3G20935
6030,AT5G52830,AT1G66200
718,AT5G52830,AT4G23570
8478,AT5G52830,AT3G50010
5374,AT5G52830,AT2G47130
4254,AT5G52830,AT5G19230
6078,AT5G52830,AT3G46270
5358,AT5G52830,AT3G02240
494,AT5G52830,AT4G21850
8446,AT5G52830,AT1G49030
5326,AT5G52830,AT2G28630
5278,AT5G52830,AT5G24960
8526,AT5G52830,AT1G65390
8286,AT5G52830,AT5G60950
9982,AT5G52830,AT5G43350
6670,AT5G52830,AT1G51790
5118,AT5G52830,AT1G51270
8542,AT5G52830,AT5G47980
5102,AT5G52830,AT1G70690
6126,AT5G52830,AT5G58750
8558,AT5G52830,AT1G29740
830,AT5G52830,AT2G39420
8590,AT5G52830,AT3G25510
10094,AT5G52830,AT3G13760
878,AT5G52830,AT4G11850
8126,AT5G52830,AT4G05200
5486,AT5G52830,AT5G55170
6638,AT5G52830,AT5G39000
8430,AT5G52830,AT3G53480
510,AT5G52830,AT2G21790
5918,AT5G52830,AT5G24230
8366,AT5G52830,AT2G28850
5966,AT5G52830,AT1G51800
5902,AT5G52830,AT5G48000
5838,AT5G52830,AT5G42830
6558,AT5G52830,AT1G76930
558,AT5G52830,AT3G15510
8350,AT5G52830,AT5G40780
5982,AT5G52830,AT5G23990
5758,AT5G52830,AT2G27660
5998,AT5G52830,AT2G27420
8382,AT5G52830,AT5G45380
10046,AT5G52830,AT3G13610
590,AT5G52830,AT5G67510
5678,AT5G52830,AT1G51890
606,AT5G52830,AT5G56530
5502,AT5G52830,AT3G45060
686,AT5G52830,AT5G24030
8414,AT5G52830,AT3G46280
5518,AT5G52830,AT5G67400
654,AT5G52830,AT3G23940
5534,AT5G52830,AT5G59520
6174,AT5G52830,AT1G55450
5566,AT5G52830,AT1G24320
5582,AT5G52830,AT1G50560
8398,AT5G52830,AT1G21100
5598,AT5G52830,AT3G01290
6014,AT5G52830,AT5G14070
10030,AT5G52830,AT1G45015
8190,AT5G52830,AT5G04730
238,AT5G52830,AT1G48920
4974,AT5G52830,AT5G16190
846,AT5G52830,AT1G56140
10126,AT5G52830,AT3G20380
6814,AT5G52830,AT1G14960
8094,AT5G52830,AT3G50460
6894,AT5G52830,AT5G15130
6350,AT5G52830,AT1G35330
8750,AT5G52830,AT3G46330
4574,AT5G52830,AT2G27000
4526,AT5G52830,AT5G03700
1118,AT5G52830,AT5G47910
4462,AT5G52830,AT4G18205
8798,AT5G52830,AT4G18510
1134,AT5G52830,AT1G13110
4430,AT5G52830,AT2G39200
6910,AT5G52830,AT4G11530
10078,AT5G52830,AT1G05700
6414,AT5G52830,AT3G45710
8814,AT5G52830,AT2G36690
4398,AT5G52830,AT1G70850
6942,AT5G52830,AT1G51850
4286,AT5G52830,AT1G55020
8222,AT5G52830,AT5G54040
8862,AT5G52830,AT5G39020
4302,AT5G52830,AT5G38340
286,AT5G52830,AT1G28380
350,AT5G52830,AT5G46330
6926,AT5G52830,AT4G32810
1182,AT5G52830,AT4G17800
4350,AT5G52830,AT5G63180
9854,AT5G52830,AT5G63600
334,AT5G52830,AT3G44990
4382,AT5G52830,AT4G02520
8830,AT5G52830,AT5G39580
4318,AT5G52830,AT2G29995
4638,AT5G52830,AT1G13300
6526,AT5G52830,AT1G65845
6750,AT5G52830,AT1G15890
4862,AT5G52830,AT1G80050
6254,AT5G52830,AT2G28160
8654,AT5G52830,AT5G28630
4878,AT5G52830,AT1G02920
958,AT5G52830,AT5G46580
4894,AT5G52830,AT1G10340
8238,AT5G52830,AT5G06330
4910,AT5G52830,AT3G45410
4926,AT5G52830,AT4G32650
414,AT5G52830,AT4G15230
926,AT5G52830,AT1G68840
8254,AT5G52830,AT5G09978
8622,AT5G52830,AT3G50740
4942,AT5G52830,AT4G25630
8110,AT5G52830,AT3G09220
4846,AT5G52830,AT5G11920
5950,AT5G52830,AT4G22230
9886,AT5G52830,AT3G27950
4814,AT5G52830,AT5G05430
6542,AT5G52830,AT4G19370
8670,AT5G52830,AT3G45650
366,AT5G52830,AT1G16390
4766,AT5G52830,AT4G36670
6286,AT5G52830,AT4G07820
6270,AT5G52830,AT2G02690
9870,AT5G52830,AT3G24300
6798,AT5G52830,AT5G36870
4686,AT5G52830,AT1G48570
9599,AT5G66940,AT1G22500
447,AT5G66940,AT3G13470
1839,AT5G66940,AT5G11240
9647,AT5G66940,AT5G44585
10047,AT5G66940,AT3G13610
1967,AT5G66940,AT4G19380
31,AT5G66940,AT5G52882
463,AT5G66940,AT5G60670
1903,AT5G66940,AT5G11670
1935,AT5G66940,AT5G61590
1199,AT5G66940,AT2G31060
1807,AT5G66940,AT4G29720
959,AT5G66940,AT5G46580
975,AT5G66940,AT2G23600
9823,AT5G66940,AT1G35625
191,AT5G66940,AT3G14840
1359,AT5G66940,AT1G63810
991,AT5G66940,AT4G02930
1039,AT5G66940,AT3G13110
10127,AT5G66940,AT3G20380
1055,AT5G66940,AT1G69040
1087,AT5G66940,AT3G21770
1263,AT5G66940,AT3G57150
1231,AT5G66940,AT3G14310
1135,AT5G66940,AT1G13110
207,AT5G66940,AT3G49670
9839,AT5G66940,AT5G64100
1215,AT5G66940,AT1G32540
1183,AT5G66940,AT4G17800
143,AT5G66940,AT5G54510
1391,AT5G66940,AT1G11670
895,AT5G66940,AT1G09460
879,AT5G66940,AT4G11850
527,AT5G66940,AT2G40360
10143,AT5G66940,AT3G14260
9695,AT5G66940,AT1G54000
1775,AT5G66940,AT5G20250
10095,AT5G66940,AT3G13760
559,AT5G66940,AT3G15510
607,AT5G66940,AT5G56530
1695,AT5G66940,AT3G23430
1823,AT5G66940,AT1G58370
1679,AT5G66940,AT5G59080
751,AT5G66940,AT2G36400
9759,AT5G66940,AT4G08770
1535,AT5G66940,AT5G61600
1519,AT5G66940,AT1G05470
799,AT5G66940,AT1G08930
9983,AT5G66940,AT5G43350
223,AT5G66940,AT2G47160
1455,AT5G66940,AT4G11320
1551,AT5G66940,AT3G19930
783,AT5G66940,AT5G02760
7727,AT5G66940,AT2G46750
2047,AT5G66940,AT4G17460
5359,AT5G66940,AT3G02240
8479,AT5G66940,AT3G50010
5391,AT5G66940,AT3G47200
5423,AT5G66940,AT1G14540
5503,AT5G66940,AT3G45060
5519,AT5G66940,AT5G67400
5343,AT5G66940,AT3G49620
5567,AT5G66940,AT1G24320
5615,AT5G66940,AT3G13730
5647,AT5G66940,AT2G34000
5679,AT5G66940,AT1G51890
5695,AT5G66940,AT1G80830
5807,AT5G66940,AT2G42430
5903,AT5G66940,AT5G48000
5599,AT5G66940,AT3G01290
8527,AT5G66940,AT1G65390
5215,AT5G66940,AT1G29280
5167,AT5G66940,AT4G37400
4703,AT5G66940,AT1G58602
8703,AT5G66940,AT2G32460
4767,AT5G66940,AT4G36670
4831,AT5G66940,AT3G62150
8655,AT5G66940,AT5G28630
4879,AT5G66940,AT1G02920
8639,AT5G66940,AT4G31330
8623,AT5G66940,AT3G50740
4943,AT5G66940,AT4G25630
4959,AT5G66940,AT2G01818
4975,AT5G66940,AT5G16190
5007,AT5G66940,AT4G31910
5023,AT5G66940,AT5G23100
5071,AT5G66940,AT3G23635
8543,AT5G66940,AT5G47980
5919,AT5G66940,AT5G24230
4655,AT5G66940,AT1G72360
5999,AT5G66940,AT2G27420
6079,AT5G66940,AT3G46270
6799,AT5G66940,AT5G36870
8079,AT5G66940,AT1G05570
7007,AT5G66940,AT2G46430
7135,AT5G66940,AT5G52830
7247,AT5G66940,AT5G06570
7967,AT5G66940,AT1G11580
8111,AT5G66940,AT3G09220
7295,AT5G66940,AT3G14225
7567,AT5G66940,AT5G35940
7599,AT5G66940,AT2G01900
7647,AT5G66940,AT4G00910
7663,AT5G66940,AT1G47840
7695,AT5G66940,AT2G32270
7711,AT5G66940,AT4G15390
7375,AT5G66940,AT5G65970
6671,AT5G66940,AT1G51790
6655,AT5G66940,AT1G47603
6623,AT5G66940,AT1G27740
6095,AT5G66940,AT4G18340
6191,AT5G66940,AT5G50300
6207,AT5G66940,AT4G15340
6255,AT5G66940,AT2G28160
8239,AT5G66940,AT5G06330
6287,AT5G66940,AT4G07820
6319,AT5G66940,AT2G17060
6367,AT5G66940,AT2G37130
6431,AT5G66940,AT5G49870
6463,AT5G66940,AT2G48080
6495,AT5G66940,AT1G31770
8191,AT5G66940,AT5G04730
6559,AT5G66940,AT1G76930
6575,AT5G66940,AT1G19050
6607,AT5G66940,AT4G22212
6031,AT5G66940,AT1G66200
4639,AT5G66940,AT1G13300
8735,AT5G66940,AT2G23970
4607,AT5G66940,AT3G23190
9375,AT5G66940,AT2G43140
2719,AT5G66940,AT5G39760
2799,AT5G66940,AT5G43910
2863,AT5G66940,AT1G77690
2911,AT5G66940,AT5G28770
9327,AT5G66940,AT1G67110
2703,AT5G66940,AT1G47670
3039,AT5G66940,AT1G77380
3103,AT5G66940,AT4G10380
3119,AT5G66940,AT1G60390
3135,AT5G66940,AT2G31110
3167,AT5G66940,AT1G30080
3183,AT5G66940,AT4G21680
3199,AT5G66940,AT3G53190
9295,AT5G66940,AT4G15270
2655,AT5G66940,AT3G08040
9391,AT5G66940,AT2G23620
2591,AT5G66940,AT1G36060
9551,AT5G66940,AT1G02360
2079,AT5G66940,AT1G72300
2127,AT5G66940,AT3G56070
2143,AT5G66940,AT3G49780
9519,AT5G66940,AT1G27020
2271,AT5G66940,AT4G15233
9503,AT5G66940,AT2G38310
2383,AT5G66940,AT2G14060
2399,AT5G66940,AT2G03090
9471,AT5G66940,AT5G23830
2479,AT5G66940,AT3G21260
2495,AT5G66940,AT5G59780
2511,AT5G66940,AT5G18310
2559,AT5G66940,AT1G53430
2575,AT5G66940,AT2G17820
9247,AT5G66940,AT5G49850
3215,AT5G66940,AT1G78000
3295,AT5G66940,AT5G62630
9199,AT5G66940,AT4G39675
3983,AT5G66940,AT5G46780
4015,AT5G66940,AT5G59090
4031,AT5G66940,AT3G46130
4095,AT5G66940,AT1G49470
4175,AT5G66940,AT5G03890
4191,AT5G66940,AT1G05300
4223,AT5G66940,AT3G13790
4239,AT5G66940,AT1G79760
4287,AT5G66940,AT1G55020
4319,AT5G66940,AT2G29995
4351,AT5G66940,AT5G63180
4415,AT5G66940,AT5G24410
4431,AT5G66940,AT2G39200
4511,AT5G66940,AT5G26280
4575,AT5G66940,AT2G27000
3951,AT5G66940,AT1G76990
1999,AT5G66940,AT5G56320
3935,AT5G66940,AT3G47210
3871,AT5G66940,AT2G19110
3359,AT5G66940,AT4G00950
3375,AT5G66940,AT2G47860
3391,AT5G66940,AT3G27400
3407,AT5G66940,AT1G78120
9135,AT5G66940,AT1G43780
3439,AT5G66940,AT1G61360
3455,AT5G66940,AT4G21745
3471,AT5G66940,AT2G34260
3631,AT5G66940,AT3G62270
3647,AT5G66940,AT4G37390
9023,AT5G66940,AT3G22800
3695,AT5G66940,AT3G20640
7775,AT5G66940,AT1G51830
3791,AT5G66940,AT5G56870
8975,AT5G66940,AT1G19250
3919,AT5G66940,AT1G77990
3775,AT5G66940,AT4G21870
